 | 2016-05-12  | Thu  | +8,190 9,726,616 |  +9,172,274 6,809,072,006 |  $2.3K  -  $36.7K | 
 | 2016-05-13  | Fri  | +5,680 9,732,296 |  +8,199,693 6,817,271,699 |  $2K  -  $32.8K | 
 | 2016-05-14  | Sat  | +7,301 9,739,597 |  +8,143,066 6,825,414,765 |  $2K  -  $32.6K | 
 | 2016-05-15  | Sun  | +10,791 9,750,388 |  +9,182,949 6,834,597,714 |  $2.3K  -  $36.7K | 
 | 2016-05-16  | Mon  | +14,233 9,764,621 |  +10,689,072 6,845,286,786 |  $2.7K  -  $42.8K | 
 | 2016-05-17  | Tue  | +12,041 9,776,662 |  -- 6,845,286,786 |  $0  -  $0 | 
 | 2016-05-18  | Wed  | +10,733 9,787,395 |  +25,669,708 6,870,956,494 |  $6.4K  -  $102.7K | 
 | 2016-05-19  | Thu  | +8,476 9,795,871 |  +11,615,911 6,882,572,405 |  $2.9K  -  $46.5K | 
 | 2016-05-20  | Fri  | +8,162 9,804,033 |  +10,069,525 6,892,641,930 |  $2.5K  -  $40.3K | 
 | 2016-05-21  | Sat  | +8,683 9,812,716 |  +9,866,823 6,902,508,753 |  $2.5K  -  $39.5K | 
 | 2016-05-22  | Sun  | +12,607 9,825,323 |  +10,356,844 6,912,865,597 |  $2.6K  -  $41.4K | 
 | 2016-05-23  | Mon  | +9,958 9,835,281 |  +13,178,416 6,926,044,013 |  $3.3K  -  $52.7K | 
 | 2016-05-24  | Tue  | +9,181 9,844,462 |  +14,981,789 6,941,025,802 |  $3.7K  -  $59.9K | 
 | 2016-05-25  | Wed  | +7,880 9,852,342 |  +13,218,908 6,954,244,710 |  $3.3K  -  $52.9K | 
 | 2016-05-26  | Thu  | +7,731 9,860,073 |  +11,853,483 6,966,098,193 |  $3K  -  $47.4K | 
 | 2016-05-27  | Fri  | +7,912 9,867,985 |  +10,965,710 6,977,063,903 |  $2.7K  -  $43.9K | 
 | 2016-05-28  | Sat  | +9,666 9,877,651 |  +10,459,119 6,987,523,022 |  $2.6K  -  $41.8K | 
 | 2016-05-29  | Sun  | +7,182 9,884,833 |  +9,576,265 6,997,099,287 |  $2.4K  -  $38.3K | 
 | 2016-05-30  | Mon  | +6,977 9,891,810 |  +10,709,256 7,007,808,543 |  $2.7K  -  $42.8K | 
 | 2016-05-31  | Tue  | +8,113 9,899,923 |  +10,890,267 7,018,698,810 |  $2.7K  -  $43.6K | 
 | 2016-06-01  | Wed  | +7,994 9,907,917 |  +11,677,497 7,030,376,307 |  $2.9K  -  $46.7K | 
 | 2016-06-02  | Thu  | +7,204 9,915,121 |  +10,412,205 7,040,788,512 |  $2.6K  -  $41.6K | 
 | 2016-06-03  | Fri  | +7,483 9,922,604 |  +10,909,016 7,051,697,528 |  $2.7K  -  $43.6K | 
 | 2016-06-04  | Sat  | +8,356 9,930,960 |  +10,666,360 7,062,363,888 |  $2.7K  -  $42.7K | 
 | 2016-06-05  | Sun  | +9,696 9,940,656 |  +9,771,595 7,072,135,483 |  $2.4K  -  $39.1K | 
 | 2016-06-06  | Mon  | +10,269 9,950,925 |  +10,732,083 7,082,867,566 |  $2.7K  -  $42.9K | 
 | 2016-06-07  | Tue  | +8,592 9,959,517 |  +12,069,202 7,094,936,768 |  $3K  -  $48.3K | 
 | 2016-06-08  | Wed  | +8,211 9,967,728 |  +10,261,664 7,105,198,432 |  $2.6K  -  $41K | 
 | 2016-06-09  | Thu  | +8,251 9,975,979 |  +9,521,228 7,114,719,660 |  $2.4K  -  $38.1K | 