 | 2016-05-12  | Thu  | +12,684 6,018,427 |  +9,876,420 3,463,140,670 |  $2.5K  -  $39.5K | 
 | 2016-05-13  | Fri  | +11,978 6,030,405 |  +9,937,812 3,473,078,482 |  $2.5K  -  $39.8K | 
 | 2016-05-14  | Sat  | +13,196 6,043,601 |  +10,508,505 3,483,586,987 |  $2.6K  -  $42K | 
 | 2016-05-15  | Sun  | +12,791 6,056,392 |  +10,655,233 3,494,242,220 |  $2.7K  -  $42.6K | 
 | 2016-05-16  | Mon  | +28,439 6,084,831 |  +9,572,429 3,503,814,649 |  $2.4K  -  $38.3K | 
 | 2016-05-17  | Tue  | +35,484 6,120,315 |  -- 3,503,814,649 |  $0  -  $0 | 
 | 2016-05-18  | Wed  | +31,756 6,152,071 |  +21,739,626 3,525,554,275 |  $5.4K  -  $87K | 
 | 2016-05-19  | Thu  | +24,548 6,176,619 |  +14,356,959 3,539,911,234 |  $3.6K  -  $57.4K | 
 | 2016-05-20  | Fri  | +22,280 6,198,899 |  +13,599,591 3,553,510,825 |  $3.4K  -  $54.4K | 
 | 2016-05-21  | Sat  | +21,631 6,220,530 |  +12,844,563 3,566,355,388 |  $3.2K  -  $51.4K | 
 | 2016-05-22  | Sun  | +17,907 6,238,437 |  +12,472,651 3,578,828,039 |  $3.1K  -  $49.9K | 
 | 2016-05-23  | Mon  | +14,113 6,252,550 |  +11,581,707 3,590,409,746 |  $2.9K  -  $46.3K | 
 | 2016-05-24  | Tue  | +13,887 6,266,437 |  +10,181,940 3,600,591,686 |  $2.5K  -  $40.7K | 
 | 2016-05-25  | Wed  | +15,208 6,281,645 |  +9,835,137 3,610,426,823 |  $2.5K  -  $39.3K | 
 | 2016-05-26  | Thu  | +16,458 6,298,103 |  +10,013,762 3,620,440,585 |  $2.5K  -  $40.1K | 
 | 2016-05-27  | Fri  | +15,476 6,313,579 |  +10,550,255 3,630,990,840 |  $2.6K  -  $42.2K | 
 | 2016-05-28  | Sat  | +15,410 6,328,989 |  +10,633,938 3,641,624,778 |  $2.7K  -  $42.5K | 
 | 2016-05-29  | Sun  | +13,087 6,342,076 |  +10,093,873 3,651,718,651 |  $2.5K  -  $40.4K | 
 | 2016-05-30  | Mon  | +13,349 6,355,425 |  +9,235,103 3,660,953,754 |  $2.3K  -  $36.9K | 
 | 2016-05-31  | Tue  | +12,773 6,368,198 |  +8,573,505 3,669,527,259 |  $2.1K  -  $34.3K | 
 | 2016-06-01  | Wed  | +12,541 6,380,739 |  +9,267,585 3,678,794,844 |  $2.3K  -  $37.1K | 
 | 2016-06-02  | Thu  | +12,211 6,392,950 |  +9,570,725 3,688,365,569 |  $2.4K  -  $38.3K | 
 | 2016-06-03  | Fri  | +12,251 6,405,201 |  +9,751,511 3,698,117,080 |  $2.4K  -  $39K | 
 | 2016-06-04  | Sat  | +13,641 6,418,842 |  +9,556,804 3,707,673,884 |  $2.4K  -  $38.2K | 
 | 2016-06-05  | Sun  | +12,420 6,431,262 |  +9,360,113 3,717,033,997 |  $2.3K  -  $37.4K | 
 | 2016-06-06  | Mon  | +10,917 6,442,179 |  +9,434,589 3,726,468,586 |  $2.4K  -  $37.7K | 
 | 2016-06-07  | Tue  | +11,002 6,453,181 |  +8,435,792 3,734,904,378 |  $2.1K  -  $33.7K | 
 | 2016-06-08  | Wed  | +10,591 6,463,772 |  +8,487,984 3,743,392,362 |  $2.1K  -  $34K | 
 | 2016-06-09  | Thu  | +10,809 6,474,581 |  +8,470,082 3,751,862,444 |  $2.1K  -  $33.9K | 