 | 2016-05-12  | Thu  | +6,972 7,183,431 |  +8,045,511 10,704,850,314 |  $2K  -  $32.2K | 
 | 2016-05-13  | Fri  | +6,944 7,190,375 |  +8,503,323 10,713,353,637 |  $2.1K  -  $34K | 
 | 2016-05-14  | Sat  | +8,124 7,198,499 |  +7,592,179 10,720,945,816 |  $1.9K  -  $30.4K | 
 | 2016-05-15  | Sun  | +9,227 7,207,726 |  +8,521,822 10,729,467,638 |  $2.1K  -  $34.1K | 
 | 2016-05-16  | Mon  | +9,227 7,216,953 |  +8,878,720 10,738,346,358 |  $2.2K  -  $35.5K | 
 | 2016-05-17  | Tue  | +7,441 7,224,394 |  -- 10,738,346,358 |  $0  -  $0 | 
 | 2016-05-18  | Wed  | +7,316 7,231,710 |  +18,799,285 10,757,145,643 |  $4.7K  -  $75.2K | 
 | 2016-05-19  | Thu  | +9,327 7,241,037 |  +7,615,037 10,764,760,680 |  $1.9K  -  $30.5K | 
 | 2016-05-20  | Fri  | +9,108 7,250,145 |  +8,210,513 10,772,971,193 |  $2.1K  -  $32.8K | 
 | 2016-05-21  | Sat  | +9,575 7,259,720 |  +9,620,529 10,782,591,722 |  $2.4K  -  $38.5K | 
 | 2016-05-22  | Sun  | +7,563 7,267,283 |  +9,826,261 10,792,417,983 |  $2.5K  -  $39.3K | 
 | 2016-05-23  | Mon  | +5,952 7,273,235 |  +9,522,053 10,801,940,036 |  $2.4K  -  $38.1K | 
 | 2016-05-24  | Tue  | +6,036 7,279,271 |  +8,193,991 10,810,134,027 |  $2K  -  $32.8K | 
 | 2016-05-25  | Wed  | +5,749 7,285,020 |  +6,987,012 10,817,121,039 |  $1.7K  -  $27.9K | 
 | 2016-05-26  | Thu  | +6,035 7,291,055 |  +6,851,384 10,823,972,423 |  $1.7K  -  $27.4K | 
 | 2016-05-27  | Fri  | +6,140 7,297,195 |  +6,817,636 10,830,790,059 |  $1.7K  -  $27.3K | 
 | 2016-05-28  | Sat  | +6,544 7,303,739 |  +6,880,612 10,837,670,671 |  $1.7K  -  $27.5K | 
 | 2016-05-29  | Sun  | +6,463 7,310,202 |  +7,408,145 10,845,078,816 |  $1.9K  -  $29.6K | 
 | 2016-05-30  | Mon  | +3,810 7,314,012 |  +7,353,155 10,852,431,971 |  $1.8K  -  $29.4K | 
 | 2016-05-31  | Tue  | +3,432 7,317,444 |  +7,284,507 10,859,716,478 |  $1.8K  -  $29.1K | 
 | 2016-06-01  | Wed  | +5,727 7,323,171 |  +7,225,578 10,866,942,056 |  $1.8K  -  $28.9K | 
 | 2016-06-02  | Thu  | +4,207 7,327,378 |  +7,006,908 10,873,948,964 |  $1.8K  -  $28K | 
 | 2016-06-03  | Fri  | +4,196 7,331,574 |  +6,863,801 10,880,812,765 |  $1.7K  -  $27.5K | 
 | 2016-06-04  | Sat  | +6,984 7,338,558 |  +7,707,324 10,888,520,089 |  $1.9K  -  $30.8K | 
 | 2016-06-05  | Sun  | +9,554 7,348,112 |  +8,339,375 10,896,859,464 |  $2.1K  -  $33.4K | 
 | 2016-06-06  | Mon  | +7,191 7,355,303 |  +9,327,880 10,906,187,344 |  $2.3K  -  $37.3K | 
 | 2016-06-07  | Tue  | +6,660 7,361,963 |  +9,834,831 10,916,022,175 |  $2.5K  -  $39.3K | 
 | 2016-06-08  | Wed  | +7,054 7,369,017 |  +7,952,601 10,923,974,776 |  $2K  -  $31.8K | 
 | 2016-06-09  | Thu  | +7,095 7,376,112 |  +7,554,070 10,931,528,846 |  $1.9K  -  $30.2K | 