 | 2016-05-12  | Thu  | +6,033 5,481,759 |  +11,036,897 10,007,669,648 |  $2.8K  -  $44.1K | 
 | 2016-05-13  | Fri  | +6,628 5,488,387 |  +11,305,128 10,018,974,776 |  $2.8K  -  $45.2K | 
 | 2016-05-14  | Sat  | +7,281 5,495,668 |  +11,638,783 10,030,613,559 |  $2.9K  -  $46.6K | 
 | 2016-05-15  | Sun  | +7,186 5,502,854 |  +12,590,152 10,043,203,711 |  $3.1K  -  $50.4K | 
 | 2016-05-16  | Mon  | +6,310 5,509,164 |  +12,326,922 10,055,530,633 |  $3.1K  -  $49.3K | 
 | 2016-05-17  | Tue  | +5,859 5,515,023 |  -- 10,055,530,633 |  $0  -  $0 | 
 | 2016-05-18  | Wed  | +5,895 5,520,918 |  +21,523,674 10,077,054,307 |  $5.4K  -  $86.1K | 
 | 2016-05-19  | Thu  | +6,114 5,527,032 |  +11,072,575 10,088,126,882 |  $2.8K  -  $44.3K | 
 | 2016-05-20  | Fri  | +6,529 5,533,561 |  +11,277,415 10,099,404,297 |  $2.8K  -  $45.1K | 
 | 2016-05-21  | Sat  | +7,162 5,540,723 |  +11,577,416 10,110,981,713 |  $2.9K  -  $46.3K | 
 | 2016-05-22  | Sun  | +6,437 5,547,160 |  +12,419,767 10,123,401,480 |  $3.1K  -  $49.7K | 
 | 2016-05-23  | Mon  | +5,580 5,552,740 |  +12,068,763 10,135,470,243 |  $3K  -  $48.3K | 
 | 2016-05-24  | Tue  | +5,877 5,558,617 |  +10,513,122 10,145,983,365 |  $2.6K  -  $42.1K | 
 | 2016-05-25  | Wed  | +6,045 5,564,662 |  +10,602,083 10,156,585,448 |  $2.7K  -  $42.4K | 
 | 2016-05-26  | Thu  | +6,530 5,571,192 |  +11,202,873 10,167,788,321 |  $2.8K  -  $44.8K | 
 | 2016-05-27  | Fri  | +6,413 5,577,605 |  +11,610,058 10,179,398,379 |  $2.9K  -  $46.4K | 
 | 2016-05-28  | Sat  | +6,994 5,584,599 |  +11,890,755 10,191,289,134 |  $3K  -  $47.6K | 
 | 2016-05-29  | Sun  | +5,761 5,590,360 |  +12,270,155 10,203,559,289 |  $3.1K  -  $49.1K | 
 | 2016-05-30  | Mon  | +6,316 5,596,676 |  +11,500,786 10,215,060,075 |  $2.9K  -  $46K | 
 | 2016-05-31  | Tue  | +5,839 5,602,515 |  +10,397,473 10,225,457,548 |  $2.6K  -  $41.6K | 
 | 2016-06-01  | Wed  | +5,705 5,608,220 |  +10,770,154 10,236,227,702 |  $2.7K  -  $43.1K | 
 | 2016-06-02  | Thu  | +5,954 5,614,174 |  +11,144,303 10,247,372,005 |  $2.8K  -  $44.6K | 
 | 2016-06-03  | Fri  | +6,352 5,620,526 |  +11,320,795 10,258,692,800 |  $2.8K  -  $45.3K | 
 | 2016-06-04  | Sat  | +6,953 5,627,479 |  +11,652,496 10,270,345,296 |  $2.9K  -  $46.6K | 
 | 2016-06-05  | Sun  | +6,476 5,633,955 |  +12,196,107 10,282,541,403 |  $3K  -  $48.8K | 
 | 2016-06-06  | Mon  | +5,603 5,639,558 |  +12,013,636 10,294,555,039 |  $3K  -  $48.1K | 
 | 2016-06-07  | Tue  | +5,734 5,645,292 |  +10,217,141 10,304,772,180 |  $2.6K  -  $40.9K | 
 | 2016-06-08  | Wed  | +6,034 5,651,326 |  +10,323,640 10,315,095,820 |  $2.6K  -  $41.3K | 
 | 2016-06-09  | Thu  | +6,119 5,657,445 |  +10,857,343 10,325,953,163 |  $2.7K  -  $43.4K | 