 | 2016-05-12  | Thu  | +9,290 18,301,305 |  +4,456,907 6,521,824,554 |  $1.1K  -  $17.8K | 
 | 2016-05-13  | Fri  | +9,927 18,311,232 |  +4,571,448 6,526,396,002 |  $1.1K  -  $18.3K | 
 | 2016-05-14  | Sat  | +10,536 18,321,768 |  +4,712,295 6,531,108,297 |  $1.2K  -  $18.8K | 
 | 2016-05-15  | Sun  | +9,176 18,330,944 |  +5,028,354 6,536,136,651 |  $1.3K  -  $20.1K | 
 | 2016-05-16  | Mon  | +8,111 18,339,055 |  +5,206,452 6,541,343,103 |  $1.3K  -  $20.8K | 
 | 2016-05-17  | Tue  | +7,967 18,347,022 |  -- 6,541,343,103 |  $0  -  $0 | 
 | 2016-05-18  | Wed  | +8,200 18,355,222 |  +8,786,971 6,550,130,074 |  $2.2K  -  $35.1K | 
 | 2016-05-19  | Thu  | +8,852 18,364,074 |  +4,276,682 6,554,406,756 |  $1.1K  -  $17.1K | 
 | 2016-05-20  | Fri  | +9,059 18,373,133 |  +4,398,691 6,558,805,447 |  $1.1K  -  $17.6K | 
 | 2016-05-21  | Sat  | +10,229 18,383,362 |  +4,586,031 6,563,391,478 |  $1.1K  -  $18.3K | 
 | 2016-05-22  | Sun  | +9,031 18,392,393 |  +4,880,229 6,568,271,707 |  $1.2K  -  $19.5K | 
 | 2016-05-23  | Mon  | +8,039 18,400,432 |  +4,964,332 6,573,236,039 |  $1.2K  -  $19.9K | 
 | 2016-05-24  | Tue  | +8,548 18,408,980 |  +4,442,117 6,577,678,156 |  $1.1K  -  $17.8K | 
 | 2016-05-25  | Wed  | +8,985 18,417,965 |  +4,284,076 6,581,962,232 |  $1.1K  -  $17.1K | 
 | 2016-05-26  | Thu  | +4,759 18,422,724 |  +4,550,905 6,586,513,137 |  $1.1K  -  $18.2K | 
 | 2016-05-27  | Fri  | +9,080 18,431,804 |  +84,401,559 6,670,914,696 |  $21.1K  -  $337.6K | 
 | 2016-05-28  | Sat  | +9,112 18,440,916 |  +11,624,456 6,682,539,152 |  $2.9K  -  $46.5K | 
 | 2016-05-29  | Sun  | +7,444 18,448,360 |  +5,545,804 6,688,084,956 |  $1.4K  -  $22.2K | 
 | 2016-05-30  | Mon  | +8,654 18,457,014 |  +5,527,771 6,693,612,727 |  $1.4K  -  $22.1K | 
 | 2016-05-31  | Tue  | +7,874 18,464,888 |  +5,155,274 6,698,768,001 |  $1.3K  -  $20.6K | 
 | 2016-06-01  | Wed  | +8,178 18,473,066 |  +4,936,027 6,703,704,028 |  $1.2K  -  $19.7K | 
 | 2016-06-02  | Thu  | +8,113 18,481,179 |  +5,131,055 6,708,835,083 |  $1.3K  -  $20.5K | 
 | 2016-06-03  | Fri  | +8,241 18,489,420 |  +5,156,936 6,713,992,019 |  $1.3K  -  $20.6K | 
 | 2016-06-04  | Sat  | +8,764 18,498,184 |  +5,477,815 6,719,469,834 |  $1.4K  -  $21.9K | 
 | 2016-06-05  | Sun  | +7,944 18,506,128 |  +5,527,559 6,724,997,393 |  $1.4K  -  $22.1K | 
 | 2016-06-06  | Mon  | +7,413 18,513,541 |  +5,454,522 6,730,451,915 |  $1.4K  -  $21.8K | 
 | 2016-06-07  | Tue  | +8,047 18,521,588 |  +4,802,795 6,735,254,710 |  $1.2K  -  $19.2K | 
 | 2016-06-08  | Wed  | +8,094 18,529,682 |  +4,941,789 6,740,196,499 |  $1.2K  -  $19.8K | 
 | 2016-06-09  | Thu  | +8,637 18,538,319 |  +5,124,661 6,745,321,160 |  $1.3K  -  $20.5K | 