 | 2016-05-12  | Thu  | +8,375 2,440,134 |  +14,855,019 4,941,807,896 |  $3.7K  -  $59.4K | 
 | 2016-05-13  | Fri  | +8,692 2,448,826 |  +15,065,059 4,956,872,955 |  $3.8K  -  $60.3K | 
 | 2016-05-14  | Sat  | +9,952 2,458,778 |  +13,287,368 4,970,160,323 |  $3.3K  -  $53.1K | 
 | 2016-05-15  | Sun  | +10,141 2,468,919 |  +14,374,610 4,984,534,933 |  $3.6K  -  $57.5K | 
 | 2016-05-16  | Mon  | +8,410 2,477,329 |  +16,247,509 5,000,782,442 |  $4.1K  -  $65K | 
 | 2016-05-17  | Tue  | +9,013 2,486,342 |  -- 5,000,782,442 |  $0  -  $0 | 
 | 2016-05-18  | Wed  | +9,776 2,496,118 |  +31,070,907 5,031,853,349 |  $7.8K  -  $124.3K | 
 | 2016-05-19  | Thu  | +10,343 2,506,461 |  +16,443,010 5,048,296,359 |  $4.1K  -  $65.8K | 
 | 2016-05-20  | Fri  | +9,549 2,516,010 |  +15,922,553 5,064,218,912 |  $4K  -  $63.7K | 
 | 2016-05-21  | Sat  | +10,173 2,526,183 |  +16,958,016 5,081,176,928 |  $4.2K  -  $67.8K | 
 | 2016-05-22  | Sun  | +9,065 2,535,248 |  +17,170,794 5,098,347,722 |  $4.3K  -  $68.7K | 
 | 2016-05-23  | Mon  | +8,355 2,543,603 |  +17,291,390 5,115,639,112 |  $4.3K  -  $69.2K | 
 | 2016-05-24  | Tue  | +8,904 2,552,507 |  +16,520,197 5,132,159,309 |  $4.1K  -  $66.1K | 
 | 2016-05-25  | Wed  | +9,462 2,561,969 |  +15,746,816 5,147,906,125 |  $3.9K  -  $63K | 
 | 2016-05-26  | Thu  | +9,834 2,571,803 |  +16,437,834 5,164,343,959 |  $4.1K  -  $65.8K | 
 | 2016-05-27  | Fri  | +9,855 2,581,658 |  +16,300,793 5,180,644,752 |  $4.1K  -  $65.2K | 
 | 2016-05-28  | Sat  | +9,518 2,591,176 |  +16,503,279 5,197,148,031 |  $4.1K  -  $66K | 
 | 2016-05-29  | Sun  | +8,407 2,599,583 |  +16,364,823 5,213,512,854 |  $4.1K  -  $65.5K | 
 | 2016-05-30  | Mon  | +9,984 2,609,567 |  +15,299,613 5,228,812,467 |  $3.8K  -  $61.2K | 
 | 2016-05-31  | Tue  | +9,391 2,618,958 |  +14,756,375 5,243,568,842 |  $3.7K  -  $59K | 
 | 2016-06-01  | Wed  | +9,723 2,628,681 |  +15,509,076 5,259,077,918 |  $3.9K  -  $62K | 
 | 2016-06-02  | Thu  | +8,920 2,637,601 |  +15,834,484 5,274,912,402 |  $4K  -  $63.3K | 
 | 2016-06-03  | Fri  | +9,348 2,646,949 |  +16,241,118 5,291,153,520 |  $4.1K  -  $65K | 
 | 2016-06-04  | Sat  | +9,906 2,656,855 |  +15,362,981 5,306,516,501 |  $3.8K  -  $61.5K | 
 | 2016-06-05  | Sun  | +10,164 2,667,019 |  +15,960,316 5,322,476,817 |  $4K  -  $63.8K | 
 | 2016-06-06  | Mon  | +10,618 2,677,637 |  +16,314,641 5,338,791,458 |  $4.1K  -  $65.3K | 
 | 2016-06-07  | Tue  | +10,048 2,687,685 |  +16,814,556 5,355,606,014 |  $4.2K  -  $67.3K | 
 | 2016-06-08  | Wed  | +9,858 2,697,543 |  +17,916,173 5,373,522,187 |  $4.5K  -  $71.7K | 
 | 2016-06-09  | Thu  | +10,487 2,708,030 |  +17,227,443 5,390,749,630 |  $4.3K  -  $68.9K | 