 | 2016-05-12  | Thu  | +29,084 11,775,611 |  +6,077,664 2,764,579,161 |  $1.5K  -  $24.3K | 
 | 2016-05-13  | Fri  | +27,561 11,803,172 |  +8,118,943 2,772,698,104 |  $2K  -  $32.5K | 
 | 2016-05-14  | Sat  | +31,278 11,834,450 |  +6,772,682 2,779,470,786 |  $1.7K  -  $27.1K | 
 | 2016-05-15  | Sun  | +29,285 11,863,735 |  +6,769,370 2,786,240,156 |  $1.7K  -  $27.1K | 
 | 2016-05-16  | Mon  | +23,581 11,887,316 |  +7,323,196 2,793,563,352 |  $1.8K  -  $29.3K | 
 | 2016-05-17  | Tue  | +28,149 11,915,465 |  -- 2,793,563,352 |  $0  -  $0 | 
 | 2016-05-18  | Wed  | +34,038 11,949,503 |  +11,198,811 2,804,762,163 |  $2.8K  -  $44.8K | 
 | 2016-05-19  | Thu  | +24,558 11,974,061 |  +7,889,738 2,812,651,901 |  $2K  -  $31.6K | 
 | 2016-05-20  | Fri  | +23,870 11,997,931 |  +7,403,304 2,820,055,205 |  $1.9K  -  $29.6K | 
 | 2016-05-21  | Sat  | +33,180 12,031,111 |  +5,678,016 2,825,733,221 |  $1.4K  -  $22.7K | 
 | 2016-05-22  | Sun  | +28,067 12,059,178 |  +6,032,851 2,831,766,072 |  $1.5K  -  $24.1K | 
 | 2016-05-23  | Mon  | +20,617 12,079,795 |  +7,194,909 2,838,960,981 |  $1.8K  -  $28.8K | 
 | 2016-05-24  | Tue  | +18,673 12,098,468 |  +5,742,163 2,844,703,144 |  $1.4K  -  $23K | 
 | 2016-05-25  | Wed  | +23,750 12,122,218 |  +4,436,486 2,849,139,630 |  $1.1K  -  $17.7K | 
 | 2016-05-26  | Thu  | +24,173 12,146,391 |  +4,396,913 2,853,536,543 |  $1.1K  -  $17.6K | 
 | 2016-05-27  | Fri  | +30,782 12,177,173 |  +4,936,713 2,858,473,256 |  $1.2K  -  $19.7K | 
 | 2016-05-28  | Sat  | +30,759 12,207,932 |  +7,388,413 2,865,861,669 |  $1.8K  -  $29.6K | 
 | 2016-05-29  | Sun  | +34,319 12,242,251 |  +7,940,907 2,873,802,576 |  $2K  -  $31.8K | 
 | 2016-05-30  | Mon  | +31,872 12,274,123 |  +10,016,838 2,883,819,414 |  $2.5K  -  $40.1K | 
 | 2016-05-31  | Tue  | +24,391 12,298,514 |  +9,671,413 2,893,490,827 |  $2.4K  -  $38.7K | 
 | 2016-06-01  | Wed  | +34,363 12,332,877 |  +6,271,156 2,899,761,983 |  $1.6K  -  $25.1K | 
 | 2016-06-02  | Thu  | +51,061 12,383,938 |  +5,442,875 2,905,204,858 |  $1.4K  -  $21.8K | 
 | 2016-06-03  | Fri  | +42,772 12,426,710 |  +7,892,930 2,913,097,788 |  $2K  -  $31.6K | 
 | 2016-06-04  | Sat  | +41,625 12,468,335 |  +9,108,135 2,922,205,923 |  $2.3K  -  $36.4K | 
 | 2016-06-05  | Sun  | +36,477 12,504,812 |  +7,995,211 2,930,201,134 |  $2K  -  $32K | 
 | 2016-06-06  | Mon  | +27,528 12,532,340 |  +7,467,604 2,937,668,738 |  $1.9K  -  $29.9K | 
 | 2016-06-07  | Tue  | +24,134 12,556,474 |  +6,056,386 2,943,725,124 |  $1.5K  -  $24.2K | 
 | 2016-06-08  | Wed  | +25,639 12,582,113 |  +4,777,583 2,948,502,707 |  $1.2K  -  $19.1K | 
 | 2016-06-09  | Thu  | +30,504 12,612,617 |  +4,475,207 2,952,977,914 |  $1.1K  -  $17.9K | 