 | 2016-05-12  | Thu  | +7,382 3,800,950 |  +7,621,043 5,837,291,164 |  $1.9K  -  $30.5K | 
 | 2016-05-13  | Fri  | +8,430 3,809,380 |  +8,971,089 5,846,262,253 |  $2.2K  -  $35.9K | 
 | 2016-05-14  | Sat  | +10,145 3,819,525 |  +8,527,125 5,854,789,378 |  $2.1K  -  $34.1K | 
 | 2016-05-15  | Sun  | +8,155 3,827,680 |  +8,641,126 5,863,430,504 |  $2.2K  -  $34.6K | 
 | 2016-05-16  | Mon  | +7,573 3,835,253 |  +10,329,125 5,873,759,629 |  $2.6K  -  $41.3K | 
 | 2016-05-17  | Tue  | +6,619 3,841,872 |  -- 5,873,759,629 |  $0  -  $0 | 
 | 2016-05-18  | Wed  | +7,083 3,848,955 |  +17,090,400 5,890,850,029 |  $4.3K  -  $68.4K | 
 | 2016-05-19  | Thu  | +7,923 3,856,878 |  +7,702,479 5,898,552,508 |  $1.9K  -  $30.8K | 
 | 2016-05-20  | Fri  | +9,536 3,866,414 |  +8,133,205 5,906,685,713 |  $2K  -  $32.5K | 
 | 2016-05-21  | Sat  | +7,688 3,874,102 |  +8,671,798 5,915,357,511 |  $2.2K  -  $34.7K | 
 | 2016-05-22  | Sun  | +10,703 3,884,805 |  +9,224,637 5,924,582,148 |  $2.3K  -  $36.9K | 
 | 2016-05-23  | Mon  | +8,059 3,892,864 |  +8,717,850 5,933,299,998 |  $2.2K  -  $34.9K | 
 | 2016-05-24  | Tue  | +6,112 3,898,976 |  +9,365,111 5,942,665,109 |  $2.3K  -  $37.5K | 
 | 2016-05-25  | Wed  | +5,699 3,904,675 |  +8,213,923 5,950,879,032 |  $2.1K  -  $32.9K | 
 | 2016-05-26  | Thu  | +5,104 3,909,779 |  +7,443,608 5,958,322,640 |  $1.9K  -  $29.8K | 
 | 2016-05-27  | Fri  | +5,379 3,915,158 |  +7,239,518 5,965,562,158 |  $1.8K  -  $29K | 
 | 2016-05-28  | Sat  | +5,903 3,921,061 |  +6,773,580 5,972,335,738 |  $1.7K  -  $27.1K | 
 | 2016-05-29  | Sun  | +5,484 3,926,545 |  +6,933,512 5,979,269,250 |  $1.7K  -  $27.7K | 
 | 2016-05-30  | Mon  | +6,261 3,932,806 |  +7,342,518 5,986,611,768 |  $1.8K  -  $29.4K | 
 | 2016-05-31  | Tue  | +5,704 3,938,510 |  +7,141,945 5,993,753,713 |  $1.8K  -  $28.6K | 
 | 2016-06-01  | Wed  | +6,072 3,944,582 |  +7,240,745 6,000,994,458 |  $1.8K  -  $29K | 
 | 2016-06-02  | Thu  | +5,326 3,949,908 |  +7,101,469 6,008,095,927 |  $1.8K  -  $28.4K | 
 | 2016-06-03  | Fri  | +6,897 3,956,805 |  +7,437,012 6,015,532,939 |  $1.9K  -  $29.7K | 
 | 2016-06-04  | Sat  | +7,656 3,964,461 |  +7,520,749 6,023,053,688 |  $1.9K  -  $30.1K | 
 | 2016-06-05  | Sun  | +6,684 3,971,145 |  +8,427,839 6,031,481,527 |  $2.1K  -  $33.7K | 
 | 2016-06-06  | Mon  | +5,911 3,977,056 |  +8,706,503 6,040,188,030 |  $2.2K  -  $34.8K | 
 | 2016-06-07  | Tue  | +5,195 3,982,251 |  +7,856,266 6,048,044,296 |  $2K  -  $31.4K | 
 | 2016-06-08  | Wed  | +5,165 3,987,416 |  +7,538,050 6,055,582,346 |  $1.9K  -  $30.2K | 
 | 2016-06-09  | Thu  | +5,411 3,992,827 |  +6,904,048 6,062,486,394 |  $1.7K  -  $27.6K | 