 | 2016-05-12  | Thu  | +7,377 6,202,072 |  +11,667,862 7,873,027,265 |  $2.9K  -  $46.7K | 
 | 2016-05-13  | Fri  | +6,472 6,208,544 |  +10,869,939 7,883,897,204 |  $2.7K  -  $43.5K | 
 | 2016-05-14  | Sat  | +8,278 6,216,822 |  +10,372,765 7,894,269,969 |  $2.6K  -  $41.5K | 
 | 2016-05-15  | Sun  | +8,057 6,224,879 |  +11,086,048 7,905,356,017 |  $2.8K  -  $44.3K | 
 | 2016-05-16  | Mon  | +6,180 6,231,059 |  +11,334,139 7,916,690,156 |  $2.8K  -  $45.3K | 
 | 2016-05-17  | Tue  | +6,592 6,237,651 |  -- 7,916,690,156 |  $0  -  $0 | 
 | 2016-05-18  | Wed  | +6,519 6,244,170 |  +20,812,101 7,937,502,257 |  $5.2K  -  $83.2K | 
 | 2016-05-19  | Thu  | +6,640 6,250,810 |  +9,890,131 7,947,392,388 |  $2.5K  -  $39.6K | 
 | 2016-05-20  | Fri  | +7,274 6,258,084 |  +9,874,510 7,957,266,898 |  $2.5K  -  $39.5K | 
 | 2016-05-21  | Sat  | +7,593 6,265,677 |  +10,033,546 7,967,300,444 |  $2.5K  -  $40.1K | 
 | 2016-05-22  | Sun  | +7,556 6,273,233 |  +10,430,649 7,977,731,093 |  $2.6K  -  $41.7K | 
 | 2016-05-23  | Mon  | +6,770 6,280,003 |  +10,172,021 7,987,903,114 |  $2.5K  -  $40.7K | 
 | 2016-05-24  | Tue  | +7,205 6,287,208 |  +9,771,530 7,997,674,644 |  $2.4K  -  $39.1K | 
 | 2016-05-25  | Wed  | +7,142 6,294,350 |  +9,571,207 8,007,245,851 |  $2.4K  -  $38.3K | 
 | 2016-05-26  | Thu  | +7,198 6,301,548 |  +9,972,269 8,017,218,120 |  $2.5K  -  $39.9K | 
 | 2016-05-27  | Fri  | +7,289 6,308,837 |  +9,844,541 8,027,062,661 |  $2.5K  -  $39.4K | 
 | 2016-05-28  | Sat  | +7,860 6,316,697 |  +4,742,813 8,031,805,474 |  $1.2K  -  $19K | 
 | 2016-05-29  | Sun  | +7,528 6,324,225 |  +10,049,908 8,041,855,382 |  $2.5K  -  $40.2K | 
 | 2016-05-30  | Mon  | +7,594 6,331,819 |  +10,348,769 8,052,204,151 |  $2.6K  -  $41.4K | 
 | 2016-05-31  | Tue  | +7,453 6,339,272 |  +10,177,178 8,062,381,329 |  $2.5K  -  $40.7K | 
 | 2016-06-01  | Wed  | +5,057 6,344,329 |  +10,038,693 8,072,420,022 |  $2.5K  -  $40.2K | 
 | 2016-06-02  | Thu  | +7,640 6,351,969 |  +10,117,564 8,082,537,586 |  $2.5K  -  $40.5K | 
 | 2016-06-03  | Fri  | +7,735 6,359,704 |  +10,207,974 8,092,745,560 |  $2.6K  -  $40.8K | 
 | 2016-06-04  | Sat  | +8,379 6,368,083 |  +10,459,515 8,103,205,075 |  $2.6K  -  $41.8K | 
 | 2016-06-05  | Sun  | +8,659 6,376,742 |  +10,768,810 8,113,973,885 |  $2.7K  -  $43.1K | 
 | 2016-06-06  | Mon  | +7,609 6,384,351 |  +10,627,060 8,124,600,945 |  $2.7K  -  $42.5K | 
 | 2016-06-07  | Tue  | +7,732 6,392,083 |  +10,236,271 8,134,837,216 |  $2.6K  -  $40.9K | 
 | 2016-06-08  | Wed  | +7,436 6,399,519 |  +10,287,452 8,145,124,668 |  $2.6K  -  $41.1K | 
 | 2016-06-09  | Thu  | +7,756 6,407,275 |  +10,203,291 8,155,327,959 |  $2.6K  -  $40.8K | 