 | 2016-05-12  | Thu  | +19,116 20,972,350 |  +8,916,982 8,882,655,756 |  $2.2K  -  $35.7K | 
 | 2016-05-13  | Fri  | +20,668 20,993,018 |  +9,012,089 8,891,667,845 |  $2.3K  -  $36K | 
 | 2016-05-14  | Sat  | +22,771 21,015,789 |  +8,987,114 8,900,654,959 |  $2.2K  -  $35.9K | 
 | 2016-05-15  | Sun  | +20,313 21,036,102 |  +9,595,212 8,910,250,171 |  $2.4K  -  $38.4K | 
 | 2016-05-16  | Mon  | +17,297 21,053,399 |  -- 8,910,250,171 |  $0  -  $0 | 
 | 2016-05-17  | Tue  | +16,700 21,070,099 |  +9,952,435 8,920,202,606 |  $2.5K  -  $39.8K | 
 | 2016-05-18  | Wed  | +17,129 21,087,228 |  +16,614,972 8,936,817,578 |  $4.2K  -  $66.5K | 
 | 2016-05-19  | Thu  | +17,863 21,105,091 |  +7,846,531 8,944,664,109 |  $2K  -  $31.4K | 
 | 2016-05-20  | Fri  | +19,002 21,124,093 |  +7,985,211 8,952,649,320 |  $2K  -  $31.9K | 
 | 2016-05-21  | Sat  | +20,882 21,144,975 |  +8,240,368 8,960,889,688 |  $2.1K  -  $33K | 
 | 2016-05-22  | Sun  | +18,979 21,163,954 |  +8,727,349 8,969,617,037 |  $2.2K  -  $34.9K | 
 | 2016-05-23  | Mon  | +16,762 21,180,716 |  +9,096,187 8,978,713,224 |  $2.3K  -  $36.4K | 
 | 2016-05-24  | Tue  | +16,566 21,197,282 |  +7,860,666 8,986,573,890 |  $2K  -  $31.4K | 
 | 2016-05-25  | Wed  | +18,239 21,215,521 |  +7,650,939 8,994,224,829 |  $1.9K  -  $30.6K | 
 | 2016-05-26  | Thu  | +19,081 21,234,602 |  +8,969,365 9,003,194,194 |  $2.2K  -  $35.9K | 
 | 2016-05-27  | Fri  | +18,926 21,253,528 |  +8,757,297 9,011,951,491 |  $2.2K  -  $35K | 
 | 2016-05-28  | Sat  | +19,463 21,272,991 |  +8,690,680 9,020,642,171 |  $2.2K  -  $34.8K | 
 | 2016-05-29  | Sun  | +16,064 21,289,055 |  +8,871,706 9,029,513,877 |  $2.2K  -  $35.5K | 
 | 2016-05-30  | Mon  | +16,694 21,305,749 |  +8,766,525 9,038,280,402 |  $2.2K  -  $35.1K | 
 | 2016-05-31  | Tue  | +14,748 21,320,497 |  +7,735,976 9,046,016,378 |  $1.9K  -  $30.9K | 
 | 2016-06-01  | Wed  | +15,580 21,336,077 |  +7,642,652 9,053,659,030 |  $1.9K  -  $30.6K | 
 | 2016-06-02  | Thu  | +15,310 21,351,387 |  +7,613,378 9,061,272,408 |  $1.9K  -  $30.5K | 
 | 2016-06-03  | Fri  | +17,252 21,368,639 |  +8,112,271 9,069,384,679 |  $2K  -  $32.4K | 
 | 2016-06-04  | Sat  | +19,503 21,388,142 |  +8,363,003 9,077,747,682 |  $2.1K  -  $33.5K | 
 | 2016-06-05  | Sun  | +17,869 21,406,011 |  +9,029,284 9,086,776,966 |  $2.3K  -  $36.1K | 
 | 2016-06-06  | Mon  | +15,571 21,421,582 |  +9,952,396 9,096,729,362 |  $2.5K  -  $39.8K | 
 | 2016-06-07  | Tue  | +15,658 21,437,240 |  +8,662,448 9,105,391,810 |  $2.2K  -  $34.6K | 
 | 2016-06-08  | Wed  | +15,548 21,452,788 |  +8,190,722 9,113,582,532 |  $2K  -  $32.8K | 
 | 2016-06-09  | Thu  | +16,291 21,469,079 |  +8,270,235 9,121,852,767 |  $2.1K  -  $33.1K | 