 | 2016-05-12  | Thu  | +3,724 4,779,696 |  +5,555,313 5,106,768,891 |  $1.4K  -  $22.2K | 
 | 2016-05-13  | Fri  | +5,674 4,785,370 |  +5,974,882 5,112,743,773 |  $1.5K  -  $23.9K | 
 | 2016-05-14  | Sat  | +5,102 4,790,472 |  +5,436,725 5,118,180,498 |  $1.4K  -  $21.7K | 
 | 2016-05-15  | Sun  | +5,521 4,795,993 |  +6,824,993 5,125,005,491 |  $1.7K  -  $27.3K | 
 | 2016-05-16  | Mon  | +4,819 4,800,812 |  +7,872,551 5,132,878,042 |  $2K  -  $31.5K | 
 | 2016-05-17  | Tue  | +5,338 4,806,150 |  -- 5,132,878,042 |  $0  -  $0 | 
 | 2016-05-18  | Wed  | +5,359 4,811,509 |  +13,969,819 5,146,847,861 |  $3.5K  -  $55.9K | 
 | 2016-05-19  | Thu  | +6,087 4,817,596 |  +6,505,900 5,153,353,761 |  $1.6K  -  $26K | 
 | 2016-05-20  | Fri  | +6,016 4,823,612 |  +6,704,378 5,160,058,139 |  $1.7K  -  $26.8K | 
 | 2016-05-21  | Sat  | +7,354 4,830,966 |  +6,924,121 5,166,982,260 |  $1.7K  -  $27.7K | 
 | 2016-05-22  | Sun  | +6,584 4,837,550 |  +7,474,242 5,174,456,502 |  $1.9K  -  $29.9K | 
 | 2016-05-23  | Mon  | +4,892 4,842,442 |  +8,509,600 5,182,966,102 |  $2.1K  -  $34K | 
 | 2016-05-24  | Tue  | +5,177 4,847,619 |  +7,881,817 5,190,847,919 |  $2K  -  $31.5K | 
 | 2016-05-25  | Wed  | +5,567 4,853,186 |  +6,020,941 5,196,868,860 |  $1.5K  -  $24.1K | 
 | 2016-05-26  | Thu  | +5,951 4,859,137 |  +5,976,870 5,202,845,730 |  $1.5K  -  $23.9K | 
 | 2016-05-27  | Fri  | +5,633 4,864,770 |  +6,781,905 5,209,627,635 |  $1.7K  -  $27.1K | 
 | 2016-05-28  | Sat  | +6,569 4,871,339 |  +7,056,095 5,216,683,730 |  $1.8K  -  $28.2K | 
 | 2016-05-29  | Sun  | +5,195 4,876,534 |  +7,283,922 5,223,967,652 |  $1.8K  -  $29.1K | 
 | 2016-05-30  | Mon  | +7,504 4,884,038 |  +7,891,858 5,231,859,510 |  $2K  -  $31.6K | 
 | 2016-05-31  | Tue  | +6,203 4,890,241 |  +7,151,810 5,239,011,320 |  $1.8K  -  $28.6K | 
 | 2016-06-01  | Wed  | +5,729 4,895,970 |  +6,939,491 5,245,950,811 |  $1.7K  -  $27.8K | 
 | 2016-06-02  | Thu  | +5,990 4,901,960 |  +6,674,346 5,252,625,157 |  $1.7K  -  $26.7K | 
 | 2016-06-03  | Fri  | +9,055 4,911,015 |  +7,227,090 5,259,852,247 |  $1.8K  -  $28.9K | 
 | 2016-06-04  | Sat  | +9,397 4,920,412 |  +7,322,734 5,267,174,981 |  $1.8K  -  $29.3K | 
 | 2016-06-05  | Sun  | +9,987 4,930,399 |  +9,408,598 5,276,583,579 |  $2.4K  -  $37.6K | 
 | 2016-06-06  | Mon  | +9,056 4,939,455 |  +10,247,219 5,286,830,798 |  $2.6K  -  $41K | 
 | 2016-06-07  | Tue  | +9,835 4,949,290 |  +10,258,873 5,297,089,671 |  $2.6K  -  $41K | 
 | 2016-06-08  | Wed  | +11,021 4,960,311 |  +9,468,925 5,306,558,596 |  $2.4K  -  $37.9K | 
 | 2016-06-09  | Thu  | +8,247 4,968,558 |  +9,882,044 5,316,440,640 |  $2.5K  -  $39.5K | 