 | 2016-05-12  | Thu  | +8,760 19,148,553 |  +7,059,434 8,769,116,116 |  $1.8K  -  $28.2K | 
 | 2016-05-13  | Fri  | +9,663 19,158,216 |  +7,470,797 8,776,586,913 |  $1.9K  -  $29.9K | 
 | 2016-05-14  | Sat  | +10,748 19,168,964 |  +7,228,611 8,783,815,524 |  $1.8K  -  $28.9K | 
 | 2016-05-15  | Sun  | +9,614 19,178,578 |  +7,575,562 8,791,391,086 |  $1.9K  -  $30.3K | 
 | 2016-05-16  | Mon  | +7,987 19,186,565 |  +8,133,897 8,799,524,983 |  $2K  -  $32.5K | 
 | 2016-05-17  | Tue  | +8,042 19,194,607 |  -- 8,799,524,983 |  $0  -  $0 | 
 | 2016-05-18  | Wed  | +8,387 19,202,994 |  +13,823,234 8,813,348,217 |  $3.5K  -  $55.3K | 
 | 2016-05-19  | Thu  | +8,505 19,211,499 |  +6,651,091 8,819,999,308 |  $1.7K  -  $26.6K | 
 | 2016-05-20  | Fri  | +9,141 19,220,640 |  +7,012,695 8,827,012,003 |  $1.8K  -  $28.1K | 
 | 2016-05-21  | Sat  | +10,364 19,231,004 |  +7,215,049 8,834,227,052 |  $1.8K  -  $28.9K | 
 | 2016-05-22  | Sun  | +9,139 19,240,143 |  +7,390,815 8,841,617,867 |  $1.8K  -  $29.6K | 
 | 2016-05-23  | Mon  | +7,577 19,247,720 |  +7,646,265 8,849,264,132 |  $1.9K  -  $30.6K | 
 | 2016-05-24  | Tue  | +8,474 19,256,194 |  +6,862,812 8,856,126,944 |  $1.7K  -  $27.5K | 
 | 2016-05-25  | Wed  | +8,485 19,264,679 |  +6,543,088 8,862,670,032 |  $1.6K  -  $26.2K | 
 | 2016-05-26  | Thu  | +8,912 19,273,591 |  +6,879,024 8,869,549,056 |  $1.7K  -  $27.5K | 
 | 2016-05-27  | Fri  | +9,226 19,282,817 |  +7,228,659 8,876,777,715 |  $1.8K  -  $28.9K | 
 | 2016-05-28  | Sat  | +9,548 19,292,365 |  +7,136,591 8,883,914,306 |  $1.8K  -  $28.5K | 
 | 2016-05-29  | Sun  | +7,601 19,299,966 |  +7,316,395 8,891,230,701 |  $1.8K  -  $29.3K | 
 | 2016-05-30  | Mon  | +8,200 19,308,166 |  +7,206,995 8,898,437,696 |  $1.8K  -  $28.8K | 
 | 2016-05-31  | Tue  | +7,338 19,315,504 |  +6,597,507 8,905,035,203 |  $1.6K  -  $26.4K | 
 | 2016-06-01  | Wed  | +7,323 19,322,827 |  +6,838,543 8,911,873,746 |  $1.7K  -  $27.4K | 
 | 2016-06-02  | Thu  | +7,868 19,330,695 |  +6,468,874 8,918,342,620 |  $1.6K  -  $25.9K | 
 | 2016-06-03  | Fri  | +8,720 19,339,415 |  +6,681,816 8,925,024,436 |  $1.7K  -  $26.7K | 
 | 2016-06-04  | Sat  | +9,695 19,349,110 |  +6,835,722 8,931,860,158 |  $1.7K  -  $27.3K | 
 | 2016-06-05  | Sun  | +9,018 19,358,128 |  +6,945,128 8,938,805,286 |  $1.7K  -  $27.8K | 
 | 2016-06-06  | Mon  | +7,980 19,366,108 |  +7,864,819 8,946,670,105 |  $2K  -  $31.5K | 
 | 2016-06-07  | Tue  | +7,957 19,374,065 |  +7,494,859 8,954,164,964 |  $1.9K  -  $30K | 
 | 2016-06-08  | Wed  | +7,734 19,381,799 |  +7,604,688 8,961,769,652 |  $1.9K  -  $30.4K | 
 | 2016-06-09  | Thu  | +8,188 19,389,987 |  +6,892,150 8,968,661,802 |  $1.7K  -  $27.6K | 