 | 2016-05-12  | Thu  | +12,913 16,046,243 |  +10,817,849 7,358,857,460 |  $2.7K  -  $43.3K | 
 | 2016-05-13  | Fri  | +14,497 16,060,740 |  +10,298,555 7,369,156,015 |  $2.6K  -  $41.2K | 
 | 2016-05-14  | Sat  | +17,459 16,078,199 |  +8,840,463 7,377,996,478 |  $2.2K  -  $35.4K | 
 | 2016-05-15  | Sun  | +19,296 16,097,495 |  +11,175,340 7,389,171,818 |  $2.8K  -  $44.7K | 
 | 2016-05-16  | Mon  | +12,937 16,110,432 |  +8,484,436 7,397,656,254 |  $2.1K  -  $33.9K | 
 | 2016-05-17  | Tue  | +11,402 16,121,834 |  -- 7,397,656,254 |  $0  -  $0 | 
 | 2016-05-18  | Wed  | +16,248 16,138,082 |  +19,607,297 7,417,263,551 |  $4.9K  -  $78.4K | 
 | 2016-05-19  | Thu  | +16,207 16,154,289 |  +10,117,717 7,427,381,268 |  $2.5K  -  $40.5K | 
 | 2016-05-20  | Fri  | +17,923 16,172,212 |  +11,388,901 7,438,770,169 |  $2.8K  -  $45.6K | 
 | 2016-05-21  | Sat  | +19,100 16,191,312 |  +12,448,037 7,451,218,206 |  $3.1K  -  $49.8K | 
 | 2016-05-22  | Sun  | +17,546 16,208,858 |  +12,767,195 7,463,985,401 |  $3.2K  -  $51.1K | 
 | 2016-05-23  | Mon  | +12,383 16,221,241 |  +13,596,379 7,477,581,780 |  $3.4K  -  $54.4K | 
 | 2016-05-24  | Tue  | +11,923 16,233,164 |  +6,980,930 7,484,562,710 |  $1.7K  -  $27.9K | 
 | 2016-05-25  | Wed  | +13,815 16,246,979 |  +10,458,863 7,495,021,573 |  $2.6K  -  $41.8K | 
 | 2016-05-26  | Thu  | +13,699 16,260,678 |  +11,481,993 7,506,503,566 |  $2.9K  -  $45.9K | 
 | 2016-05-27  | Fri  | +13,438 16,274,116 |  +12,021,382 7,518,524,948 |  $3K  -  $48.1K | 
 | 2016-05-28  | Sat  | +13,278 16,287,394 |  +11,184,045 7,529,708,993 |  $2.8K  -  $44.7K | 
 | 2016-05-29  | Sun  | +11,223 16,298,617 |  +9,824,583 7,539,533,576 |  $2.5K  -  $39.3K | 
 | 2016-05-30  | Mon  | +13,291 16,311,908 |  +10,005,982 7,549,539,558 |  $2.5K  -  $40K | 
 | 2016-05-31  | Tue  | +10,247 16,322,155 |  +9,076,256 7,558,615,814 |  $2.3K  -  $36.3K | 
 | 2016-06-01  | Wed  | +11,800 16,333,955 |  +9,126,146 7,567,741,960 |  $2.3K  -  $36.5K | 
 | 2016-06-02  | Thu  | +11,724 16,345,679 |  +9,111,297 7,576,853,257 |  $2.3K  -  $36.4K | 
 | 2016-06-03  | Fri  | +10,717 16,356,396 |  +8,403,094 7,585,256,351 |  $2.1K  -  $33.6K | 
 | 2016-06-04  | Sat  | +12,895 16,369,291 |  +8,723,626 7,593,979,977 |  $2.2K  -  $34.9K | 
 | 2016-06-05  | Sun  | +11,842 16,381,133 |  +8,274,955 7,602,254,932 |  $2.1K  -  $33.1K | 
 | 2016-06-06  | Mon  | +10,114 16,391,247 |  +8,879,646 7,611,134,578 |  $2.2K  -  $35.5K | 
 | 2016-06-07  | Tue  | +10,586 16,401,833 |  +8,323,436 7,619,458,014 |  $2.1K  -  $33.3K | 
 | 2016-06-08  | Wed  | +12,120 16,413,953 |  +8,156,045 7,627,614,059 |  $2K  -  $32.6K | 
 | 2016-06-09  | Thu  | +12,105 16,426,058 |  +8,407,718 7,636,021,777 |  $2.1K  -  $33.6K | 