 | 2016-05-12  | Thu  | +14,096 11,840,842 |  +6,880,493 5,890,876,658 |  $1.7K  -  $27.5K | 
 | 2016-05-13  | Fri  | +10,849 11,851,691 |  +18,268,497 5,909,145,155 |  $4.6K  -  $73.1K | 
 | 2016-05-14  | Sat  | +12,660 11,864,351 |  +8,769,406 5,917,914,561 |  $2.2K  -  $35.1K | 
 | 2016-05-15  | Sun  | +13,117 11,877,468 |  +8,082,637 5,925,997,198 |  $2K  -  $32.3K | 
 | 2016-05-16  | Mon  | +9,864 11,887,332 |  +9,576,430 5,935,573,628 |  $2.4K  -  $38.3K | 
 | 2016-05-17  | Tue  | +12,326 11,899,658 |  -- 5,935,573,628 |  $0  -  $0 | 
 | 2016-05-18  | Wed  | +11,897 11,911,555 |  +18,428,240 5,954,001,868 |  $4.6K  -  $73.7K | 
 | 2016-05-19  | Thu  | +10,351 11,921,906 |  +9,210,202 5,963,212,070 |  $2.3K  -  $36.8K | 
 | 2016-05-20  | Fri  | +9,885 11,931,791 |  +8,640,895 5,971,852,965 |  $2.2K  -  $34.6K | 
 | 2016-05-21  | Sat  | +11,699 11,943,490 |  +8,103,282 5,979,956,247 |  $2K  -  $32.4K | 
 | 2016-05-22  | Sun  | +12,200 11,955,690 |  +8,226,138 5,988,182,385 |  $2.1K  -  $32.9K | 
 | 2016-05-23  | Mon  | +10,564 11,966,254 |  +9,869,038 5,998,051,423 |  $2.5K  -  $39.5K | 
 | 2016-05-24  | Tue  | +12,230 11,978,484 |  +10,022,209 6,008,073,632 |  $2.5K  -  $40.1K | 
 | 2016-05-25  | Wed  | +10,822 11,989,306 |  +8,539,016 6,016,612,648 |  $2.1K  -  $34.2K | 
 | 2016-05-26  | Thu  | +10,908 12,000,214 |  +9,067,086 6,025,679,734 |  $2.3K  -  $36.3K | 
 | 2016-05-27  | Fri  | +10,109 12,010,323 |  +10,313,697 6,035,993,431 |  $2.6K  -  $41.3K | 
 | 2016-05-28  | Sat  | +13,144 12,023,467 |  +8,208,340 6,044,201,771 |  $2.1K  -  $32.8K | 
 | 2016-05-29  | Sun  | +9,514 12,032,981 |  +8,014,645 6,052,216,416 |  $2K  -  $32.1K | 
 | 2016-05-30  | Mon  | +11,196 12,044,177 |  +8,825,521 6,061,041,937 |  $2.2K  -  $35.3K | 
 | 2016-05-31  | Tue  | +10,834 12,055,011 |  +9,231,361 6,070,273,298 |  $2.3K  -  $36.9K | 
 | 2016-06-01  | Wed  | +11,418 12,066,429 |  +9,173,283 6,079,446,581 |  $2.3K  -  $36.7K | 
 | 2016-06-02  | Thu  | +10,604 12,077,033 |  +8,216,730 6,087,663,311 |  $2.1K  -  $32.9K | 
 | 2016-06-03  | Fri  | +9,958 12,086,991 |  +8,300,869 6,095,964,180 |  $2.1K  -  $33.2K | 
 | 2016-06-04  | Sat  | +10,809 12,097,800 |  +7,931,515 6,103,895,695 |  $2K  -  $31.7K | 
 | 2016-06-05  | Sun  | +10,520 12,108,320 |  +8,155,115 6,112,050,810 |  $2K  -  $32.6K | 
 | 2016-06-06  | Mon  | +10,225 12,118,545 |  +8,689,333 6,120,740,143 |  $2.2K  -  $34.8K | 
 | 2016-06-07  | Tue  | +12,671 12,131,216 |  +9,436,156 6,130,176,299 |  $2.4K  -  $37.7K | 
 | 2016-06-08  | Wed  | +11,886 12,143,102 |  +8,659,142 6,138,835,441 |  $2.2K  -  $34.6K | 
 | 2016-06-09  | Thu  | +10,320 12,153,422 |  +8,621,066 6,147,456,507 |  $2.2K  -  $34.5K | 