 | 2016-04-17  | Sun  | +5,752 3,120,648 |  +11,953,164 3,797,732,864 |  $3K  -  $47.8K | 
 | 2016-04-18  | Mon  | +5,278 3,125,926 |  +10,955,958 3,808,688,822 |  $2.7K  -  $43.8K | 
 | 2016-04-19  | Tue  | +4,975 3,130,901 |  +11,141,110 3,819,829,932 |  $2.8K  -  $44.6K | 
 | 2016-04-20  | Wed  | +5,458 3,136,359 |  +10,600,597 3,830,430,529 |  $2.7K  -  $42.4K | 
 | 2016-04-21  | Thu  | +5,569 3,141,928 |  +10,746,756 3,841,177,285 |  $2.7K  -  $43K | 
 | 2016-04-22  | Fri  | +5,513 3,147,441 |  +11,392,841 3,852,570,126 |  $2.8K  -  $45.6K | 
 | 2016-04-23  | Sat  | +5,260 3,152,701 |  +10,978,162 3,863,548,288 |  $2.7K  -  $43.9K | 
 | 2016-04-24  | Sun  | +5,112 3,157,813 |  +11,468,958 3,875,017,246 |  $2.9K  -  $45.9K | 
 | 2016-04-25  | Mon  | +5,732 3,163,545 |  +10,824,046 3,885,841,292 |  $2.7K  -  $43.3K | 
 | 2016-04-26  | Tue  | +5,480 3,169,025 |  +11,185,025 3,897,026,317 |  $2.8K  -  $44.7K | 
 | 2016-04-27  | Wed  | +5,086 3,174,111 |  +11,777,526 3,908,803,843 |  $2.9K  -  $47.1K | 
 | 2016-04-28  | Thu  | +4,988 3,179,099 |  +11,859,602 3,920,663,445 |  $3K  -  $47.4K | 
 | 2016-04-29  | Fri  | +5,184 3,184,283 |  +11,039,449 3,931,702,894 |  $2.8K  -  $44.2K | 
 | 2016-04-30  | Sat  | +4,788 3,189,071 |  +11,025,195 3,942,728,089 |  $2.8K  -  $44.1K | 
 | 2016-05-01  | Sun  | +4,713 3,193,784 |  +10,954,430 3,953,682,519 |  $2.7K  -  $43.8K | 
 | 2016-05-02  | Mon  | +5,114 3,198,898 |  +10,109,668 3,963,792,187 |  $2.5K  -  $40.4K | 
 | 2016-05-03  | Tue  | +5,388 3,204,286 |  +10,511,287 3,974,303,474 |  $2.6K  -  $42K | 
 | 2016-05-04  | Wed  | +5,262 3,209,548 |  +11,498,006 3,985,801,480 |  $2.9K  -  $46K | 
 | 2016-05-05  | Thu  | +4,964 3,214,512 |  +12,041,310 3,997,842,790 |  $3K  -  $48.2K | 
 | 2016-05-06  | Fri  | +4,962 3,219,474 |  +12,009,649 4,009,852,439 |  $3K  -  $48K | 
 | 2016-05-07  | Sat  | +4,741 3,224,215 |  +12,190,607 4,022,043,046 |  $3K  -  $48.8K | 
 | 2016-05-08  | Sun  | +4,686 3,228,901 |  +12,327,887 4,034,370,933 |  $3.1K  -  $49.3K | 
 | 2016-05-09  | Mon  | +4,740 3,233,641 |  +10,924,950 4,045,295,883 |  $2.7K  -  $43.7K | 
 | 2016-05-10  | Tue  | +4,665 3,238,306 |  -- 4,045,295,883 |  $0  -  $0 | 
 | 2016-05-11  | Wed  | +5,217 3,243,523 |  +21,215,087 4,066,510,970 |  $5.3K  -  $84.9K | 
 | 2016-05-12  | Thu  | +4,960 3,248,483 |  +10,562,427 4,077,073,397 |  $2.6K  -  $42.2K | 
 | 2016-05-13  | Fri  | +5,166 3,253,649 |  +11,697,371 4,088,770,768 |  $2.9K  -  $46.8K | 
 | 2016-05-14  | Sat  | +4,966 3,258,615 |  +11,774,471 4,100,545,239 |  $2.9K  -  $47.1K | 
 | 2016-05-15  | Sun  | +5,004 3,263,619 |  +11,791,838 4,112,337,077 |  $2.9K  -  $47.2K | 