 | 2016-04-17  | Sun  | +3,036 5,440,136 |  +6,168,228 3,723,674,247 |  $1.5K  -  $24.7K | 
 | 2016-04-18  | Mon  | +5,569 5,445,705 |  +6,904,858 3,730,579,105 |  $1.7K  -  $27.6K | 
 | 2016-04-19  | Tue  | +7,169 5,452,874 |  +6,581,203 3,737,160,308 |  $1.6K  -  $26.3K | 
 | 2016-04-20  | Wed  | +6,039 5,458,913 |  +4,773,294 3,741,933,602 |  $1.2K  -  $19.1K | 
 | 2016-04-21  | Thu  | +5,266 5,464,179 |  +5,166,770 3,747,100,372 |  $1.3K  -  $20.7K | 
 | 2016-04-22  | Fri  | +6,120 5,470,299 |  +4,555,437 3,751,655,809 |  $1.1K  -  $18.2K | 
 | 2016-04-23  | Sat  | +4,367 5,474,666 |  +4,830,585 3,756,486,394 |  $1.2K  -  $19.3K | 
 | 2016-04-24  | Sun  | +6,451 5,481,117 |  +5,689,369 3,762,175,763 |  $1.4K  -  $22.8K | 
 | 2016-04-25  | Mon  | +7,890 5,489,007 |  +7,097,250 3,769,273,013 |  $1.8K  -  $28.4K | 
 | 2016-04-26  | Tue  | +6,754 5,495,761 |  +7,589,358 3,776,862,371 |  $1.9K  -  $30.4K | 
 | 2016-04-27  | Wed  | +7,102 5,502,863 |  +5,961,557 3,782,823,928 |  $1.5K  -  $23.8K | 
 | 2016-04-28  | Thu  | +5,793 5,508,656 |  +5,466,731 3,788,290,659 |  $1.4K  -  $21.9K | 
 | 2016-04-29  | Fri  | +7,863 5,516,519 |  +5,157,918 3,793,448,577 |  $1.3K  -  $20.6K | 
 | 2016-04-30  | Sat  | +5,837 5,522,356 |  +5,746,084 3,799,194,661 |  $1.4K  -  $23K | 
 | 2016-05-01  | Sun  | +10,459 5,532,815 |  +6,267,631 3,805,462,292 |  $1.6K  -  $25.1K | 
 | 2016-05-02  | Mon  | +10,001 5,542,816 |  +8,180,443 3,813,642,735 |  $2K  -  $32.7K | 
 | 2016-05-03  | Tue  | +9,485 5,552,301 |  +10,084,288 3,823,727,023 |  $2.5K  -  $40.3K | 
 | 2016-05-04  | Wed  | +8,106 5,560,407 |  +6,930,372 3,830,657,395 |  $1.7K  -  $27.7K | 
 | 2016-05-05  | Thu  | +8,191 5,568,598 |  +6,915,082 3,837,572,477 |  $1.7K  -  $27.7K | 
 | 2016-05-06  | Fri  | +8,104 5,576,702 |  +5,843,579 3,843,416,056 |  $1.5K  -  $23.4K | 
 | 2016-05-07  | Sat  | +8,034 5,584,736 |  +5,938,507 3,849,354,563 |  $1.5K  -  $23.8K | 
 | 2016-05-08  | Sun  | +19,615 5,604,351 |  +6,427,941 3,855,782,504 |  $1.6K  -  $25.7K | 
 | 2016-05-09  | Mon  | +18,497 5,622,848 |  +8,408,760 3,864,191,264 |  $2.1K  -  $33.6K | 
 | 2016-05-10  | Tue  | +18,164 5,641,012 |  +12,515,598 3,876,706,862 |  $3.1K  -  $50.1K | 
 | 2016-05-11  | Wed  | +14,795 5,655,807 |  +9,197,102 3,885,903,964 |  $2.3K  -  $36.8K | 
 | 2016-05-12  | Thu  | +14,247 5,670,054 |  +9,942,499 3,895,846,463 |  $2.5K  -  $39.8K | 
 | 2016-05-13  | Fri  | +14,416 5,684,470 |  +9,141,683 3,904,988,146 |  $2.3K  -  $36.6K | 
 | 2016-05-14  | Sat  | +13,430 5,697,900 |  +9,397,961 3,914,386,107 |  $2.3K  -  $37.6K | 
 | 2016-05-15  | Sun  | +12,827 5,710,727 |  +9,851,215 3,924,237,322 |  $2.5K  -  $39.4K | 