 | 2016-04-17  | Sun  | +8,110 5,955,086 |  +9,859,715 4,449,997,374 |  $2.5K  -  $39.4K | 
 | 2016-04-18  | Mon  | +6,991 5,962,077 |  +10,790,838 4,460,788,212 |  $2.7K  -  $43.2K | 
 | 2016-04-19  | Tue  | +5,749 5,967,826 |  +11,895,565 4,472,683,777 |  $3K  -  $47.6K | 
 | 2016-04-20  | Wed  | +5,734 5,973,560 |  +8,925,326 4,481,609,103 |  $2.2K  -  $35.7K | 
 | 2016-04-21  | Thu  | +6,569 5,980,129 |  +9,088,948 4,490,698,051 |  $2.3K  -  $36.4K | 
 | 2016-04-22  | Fri  | +5,602 5,985,731 |  +10,021,638 4,500,719,689 |  $2.5K  -  $40.1K | 
 | 2016-04-23  | Sat  | +7,080 5,992,811 |  +9,385,563 4,510,105,252 |  $2.3K  -  $37.5K | 
 | 2016-04-24  | Sun  | +9,037 6,001,848 |  +9,453,699 4,519,558,951 |  $2.4K  -  $37.8K | 
 | 2016-04-25  | Mon  | +6,234 6,008,082 |  +11,199,983 4,530,758,934 |  $2.8K  -  $44.8K | 
 | 2016-04-26  | Tue  | +6,478 6,014,560 |  +13,070,082 4,543,829,016 |  $3.3K  -  $52.3K | 
 | 2016-04-27  | Wed  | +6,369 6,020,929 |  +9,015,258 4,552,844,274 |  $2.3K  -  $36.1K | 
 | 2016-04-28  | Thu  | +4,838 6,025,767 |  +8,360,064 4,561,204,338 |  $2.1K  -  $33.4K | 
 | 2016-04-29  | Fri  | +5,261 6,031,028 |  +7,953,823 4,569,158,161 |  $2K  -  $31.8K | 
 | 2016-04-30  | Sat  | +5,754 6,036,782 |  +7,818,250 4,576,976,411 |  $2K  -  $31.3K | 
 | 2016-05-01  | Sun  | +6,101 6,042,883 |  +7,212,434 4,584,188,845 |  $1.8K  -  $28.8K | 
 | 2016-05-02  | Mon  | +6,071 6,048,954 |  +10,435,270 4,594,624,115 |  $2.6K  -  $41.7K | 
 | 2016-05-03  | Tue  | +4,723 6,053,677 |  +11,395,185 4,606,019,300 |  $2.8K  -  $45.6K | 
 | 2016-05-04  | Wed  | +4,470 6,058,147 |  +8,317,420 4,614,336,720 |  $2.1K  -  $33.3K | 
 | 2016-05-05  | Thu  | +4,448 6,062,595 |  +7,637,356 4,621,974,076 |  $1.9K  -  $30.5K | 
 | 2016-05-06  | Fri  | +4,297 6,066,892 |  +7,915,425 4,629,889,501 |  $2K  -  $31.7K | 
 | 2016-05-07  | Sat  | +4,885 6,071,777 |  +7,412,467 4,637,301,968 |  $1.9K  -  $29.6K | 
 | 2016-05-08  | Sun  | +6,435 6,078,212 |  +7,286,918 4,644,588,886 |  $1.8K  -  $29.1K | 
 | 2016-05-09  | Mon  | +5,401 6,083,613 |  +9,141,992 4,653,730,878 |  $2.3K  -  $36.6K | 
 | 2016-05-10  | Tue  | +6,073 6,089,686 |  +11,559,876 4,665,290,754 |  $2.9K  -  $46.2K | 
 | 2016-05-11  | Wed  | +5,971 6,095,657 |  +8,925,374 4,674,216,128 |  $2.2K  -  $35.7K | 
 | 2016-05-12  | Thu  | +5,517 6,101,174 |  +8,517,194 4,682,733,322 |  $2.1K  -  $34.1K | 
 | 2016-05-13  | Fri  | +4,160 6,105,334 |  +8,731,487 4,691,464,809 |  $2.2K  -  $34.9K | 
 | 2016-05-14  | Sat  | +5,186 6,110,520 |  +7,670,702 4,699,135,511 |  $1.9K  -  $30.7K | 
 | 2016-05-15  | Sun  | +7,354 6,117,874 |  +7,778,482 4,706,913,993 |  $1.9K  -  $31.1K | 