 | 2016-04-17  | Sun  | +9,760 9,522,631 |  +11,426,993 6,530,625,039 |  $2.9K  -  $45.7K | 
 | 2016-04-18  | Mon  | +9,996 9,532,627 |  +14,047,145 6,544,672,184 |  $3.5K  -  $56.2K | 
 | 2016-04-19  | Tue  | +9,735 9,542,362 |  +14,122,510 6,558,794,694 |  $3.5K  -  $56.5K | 
 | 2016-04-20  | Wed  | +11,033 9,553,395 |  +11,405,687 6,570,200,381 |  $2.9K  -  $45.6K | 
 | 2016-04-21  | Thu  | +9,348 9,562,743 |  +11,129,330 6,581,329,711 |  $2.8K  -  $44.5K | 
 | 2016-04-22  | Fri  | +9,278 9,572,021 |  +12,039,262 6,593,368,973 |  $3K  -  $48.2K | 
 | 2016-04-23  | Sat  | +9,644 9,581,665 |  +11,942,201 6,605,311,174 |  $3K  -  $47.8K | 
 | 2016-04-24  | Sun  | +8,845 9,590,510 |  +12,339,338 6,617,650,512 |  $3.1K  -  $49.4K | 
 | 2016-04-25  | Mon  | +8,766 9,599,276 |  +13,771,283 6,631,421,795 |  $3.4K  -  $55.1K | 
 | 2016-04-26  | Tue  | +9,958 9,609,234 |  +14,475,343 6,645,897,138 |  $3.6K  -  $57.9K | 
 | 2016-04-27  | Wed  | +7,915 9,617,149 |  +10,987,811 6,656,884,949 |  $2.7K  -  $44K | 
 | 2016-04-28  | Thu  | +7,219 9,624,368 |  +11,116,163 6,668,001,112 |  $2.8K  -  $44.5K | 
 | 2016-04-29  | Fri  | +7,101 9,631,469 |  +9,606,403 6,677,607,515 |  $2.4K  -  $38.4K | 
 | 2016-04-30  | Sat  | +6,846 9,638,315 |  +9,365,058 6,686,972,573 |  $2.3K  -  $37.5K | 
 | 2016-05-01  | Sun  | +8,468 9,646,783 |  +10,035,441 6,697,008,014 |  $2.5K  -  $40.1K | 
 | 2016-05-02  | Mon  | +10,511 9,657,294 |  +11,289,642 6,708,297,656 |  $2.8K  -  $45.2K | 
 | 2016-05-03  | Tue  | +6,726 9,664,020 |  +11,802,703 6,720,100,359 |  $3K  -  $47.2K | 
 | 2016-05-04  | Wed  | +6,971 9,670,991 |  +9,900,011 6,730,000,370 |  $2.5K  -  $39.6K | 
 | 2016-05-05  | Thu  | +6,614 9,677,605 |  +9,852,902 6,739,853,272 |  $2.5K  -  $39.4K | 
 | 2016-05-06  | Fri  | +5,624 9,683,229 |  +8,752,704 6,748,605,976 |  $2.2K  -  $35K | 
 | 2016-05-07  | Sat  | +7,484 9,690,713 |  +9,703,955 6,758,309,931 |  $2.4K  -  $38.8K | 
 | 2016-05-08  | Sun  | +8,311 9,699,024 |  +9,952,249 6,768,262,180 |  $2.5K  -  $39.8K | 
 | 2016-05-09  | Mon  | +7,088 9,706,112 |  +11,056,109 6,779,318,289 |  $2.8K  -  $44.2K | 
 | 2016-05-10  | Tue  | +5,475 9,711,587 |  +11,495,765 6,790,814,054 |  $2.9K  -  $46K | 
 | 2016-05-11  | Wed  | +6,839 9,718,426 |  +9,085,678 6,799,899,732 |  $2.3K  -  $36.3K | 
 | 2016-05-12  | Thu  | +8,190 9,726,616 |  +9,172,274 6,809,072,006 |  $2.3K  -  $36.7K | 
 | 2016-05-13  | Fri  | +5,680 9,732,296 |  +8,199,693 6,817,271,699 |  $2K  -  $32.8K | 
 | 2016-05-14  | Sat  | +7,301 9,739,597 |  +8,143,066 6,825,414,765 |  $2K  -  $32.6K | 
 | 2016-05-15  | Sun  | +10,791 9,750,388 |  +9,182,949 6,834,597,714 |  $2.3K  -  $36.7K | 