 | 2016-04-17  | Sun  | +14,340 5,697,818 |  +9,449,120 3,214,877,412 |  $2.4K  -  $37.8K | 
 | 2016-04-18  | Mon  | +12,870 5,710,688 |  +10,172,107 3,225,049,519 |  $2.5K  -  $40.7K | 
 | 2016-04-19  | Tue  | +12,872 5,723,560 |  +8,962,168 3,234,011,687 |  $2.2K  -  $35.8K | 
 | 2016-04-20  | Wed  | +12,274 5,735,834 |  +9,760,350 3,243,772,037 |  $2.4K  -  $39K | 
 | 2016-04-21  | Thu  | +13,000 5,748,834 |  +9,544,053 3,253,316,090 |  $2.4K  -  $38.2K | 
 | 2016-04-22  | Fri  | +13,821 5,762,655 |  +9,300,098 3,262,616,188 |  $2.3K  -  $37.2K | 
 | 2016-04-23  | Sat  | +15,573 5,778,228 |  +9,443,160 3,272,059,348 |  $2.4K  -  $37.8K | 
 | 2016-04-24  | Sun  | +12,906 5,791,134 |  +9,774,873 3,281,834,221 |  $2.4K  -  $39.1K | 
 | 2016-04-25  | Mon  | +11,481 5,802,615 |  +9,924,004 3,291,758,225 |  $2.5K  -  $39.7K | 
 | 2016-04-26  | Tue  | +12,788 5,815,403 |  +9,045,667 3,300,803,892 |  $2.3K  -  $36.2K | 
 | 2016-04-27  | Wed  | +13,611 5,829,014 |  +9,987,281 3,310,791,173 |  $2.5K  -  $39.9K | 
 | 2016-04-28  | Thu  | +11,879 5,840,893 |  +10,124,331 3,320,915,504 |  $2.5K  -  $40.5K | 
 | 2016-04-29  | Fri  | +13,077 5,853,970 |  +10,017,729 3,330,933,233 |  $2.5K  -  $40.1K | 
 | 2016-04-30  | Sat  | +13,346 5,867,316 |  +9,895,454 3,340,828,687 |  $2.5K  -  $39.6K | 
 | 2016-05-01  | Sun  | +12,743 5,880,059 |  +10,030,349 3,350,859,036 |  $2.5K  -  $40.1K | 
 | 2016-05-02  | Mon  | +11,474 5,891,533 |  +9,791,462 3,360,650,498 |  $2.4K  -  $39.2K | 
 | 2016-05-03  | Tue  | +11,589 5,903,122 |  +8,875,460 3,369,525,958 |  $2.2K  -  $35.5K | 
 | 2016-05-04  | Wed  | +12,650 5,915,772 |  +9,521,602 3,379,047,560 |  $2.4K  -  $38.1K | 
 | 2016-05-05  | Thu  | +12,920 5,928,692 |  +10,593,879 3,389,641,439 |  $2.6K  -  $42.4K | 
 | 2016-05-06  | Fri  | +13,280 5,941,972 |  +10,891,810 3,400,533,249 |  $2.7K  -  $43.6K | 
 | 2016-05-07  | Sat  | +14,778 5,956,750 |  +11,503,529 3,412,036,778 |  $2.9K  -  $46K | 
 | 2016-05-08  | Sun  | +12,755 5,969,505 |  +11,530,944 3,423,567,722 |  $2.9K  -  $46.1K | 
 | 2016-05-09  | Mon  | +11,522 5,981,027 |  +10,863,113 3,434,430,835 |  $2.7K  -  $43.5K | 
 | 2016-05-10  | Tue  | +11,765 5,992,792 |  -- 3,434,430,835 |  $0  -  $0 | 
 | 2016-05-11  | Wed  | +12,951 6,005,743 |  +18,833,415 3,453,264,250 |  $4.7K  -  $75.3K | 
 | 2016-05-12  | Thu  | +12,684 6,018,427 |  +9,876,420 3,463,140,670 |  $2.5K  -  $39.5K | 
 | 2016-05-13  | Fri  | +11,978 6,030,405 |  +9,937,812 3,473,078,482 |  $2.5K  -  $39.8K | 
 | 2016-05-14  | Sat  | +13,196 6,043,601 |  +10,508,505 3,483,586,987 |  $2.6K  -  $42K | 
 | 2016-05-15  | Sun  | +12,791 6,056,392 |  +10,655,233 3,494,242,220 |  $2.7K  -  $42.6K | 