 | 2016-04-17  | Sun  | +8,840 2,355,016 |  +7,816,388 2,545,660,562 |  $2K  -  $31.3K | 
 | 2016-04-18  | Mon  | +6,661 2,361,677 |  +9,764,028 2,555,424,590 |  $2.4K  -  $39.1K | 
 | 2016-04-19  | Tue  | +6,111 2,367,788 |  +8,893,563 2,564,318,153 |  $2.2K  -  $35.6K | 
 | 2016-04-20  | Wed  | +6,034 2,373,822 |  +6,976,169 2,571,294,322 |  $1.7K  -  $27.9K | 
 | 2016-04-21  | Thu  | +6,839 2,380,661 |  +6,517,671 2,577,811,993 |  $1.6K  -  $26.1K | 
 | 2016-04-22  | Fri  | +7,151 2,387,812 |  +7,164,351 2,584,976,344 |  $1.8K  -  $28.7K | 
 | 2016-04-23  | Sat  | +9,783 2,397,595 |  +7,645,967 2,592,622,311 |  $1.9K  -  $30.6K | 
 | 2016-04-24  | Sun  | +7,602 2,405,197 |  +8,653,245 2,601,275,556 |  $2.2K  -  $34.6K | 
 | 2016-04-25  | Mon  | +5,464 2,410,661 |  +10,045,783 2,611,321,339 |  $2.5K  -  $40.2K | 
 | 2016-04-26  | Tue  | +5,158 2,415,819 |  +8,880,288 2,620,201,627 |  $2.2K  -  $35.5K | 
 | 2016-04-27  | Wed  | +5,467 2,421,286 |  +6,649,623 2,626,851,250 |  $1.7K  -  $26.6K | 
 | 2016-04-28  | Thu  | +5,017 2,426,303 |  +7,052,004 2,633,903,254 |  $1.8K  -  $28.2K | 
 | 2016-04-29  | Fri  | +6,442 2,432,745 |  +7,070,702 2,640,973,956 |  $1.8K  -  $28.3K | 
 | 2016-04-30  | Sat  | +8,863 2,441,608 |  +7,008,352 2,647,982,308 |  $1.8K  -  $28K | 
 | 2016-05-01  | Sun  | +7,769 2,449,377 |  +8,377,154 2,656,359,462 |  $2.1K  -  $33.5K | 
 | 2016-05-02  | Mon  | +5,813 2,455,190 |  +10,053,550 2,666,413,012 |  $2.5K  -  $40.2K | 
 | 2016-05-03  | Tue  | +4,897 2,460,087 |  +8,751,151 2,675,164,163 |  $2.2K  -  $35K | 
 | 2016-05-04  | Wed  | +4,656 2,464,743 |  +7,337,356 2,682,501,519 |  $1.8K  -  $29.3K | 
 | 2016-05-05  | Thu  | +4,571 2,469,314 |  +6,580,431 2,689,081,950 |  $1.6K  -  $26.3K | 
 | 2016-05-06  | Fri  | +5,735 2,475,049 |  +6,621,179 2,695,703,129 |  $1.7K  -  $26.5K | 
 | 2016-05-07  | Sat  | +7,227 2,482,276 |  +6,469,942 2,702,173,071 |  $1.6K  -  $25.9K | 
 | 2016-05-08  | Sun  | +6,426 2,488,702 |  +7,960,605 2,710,133,676 |  $2K  -  $31.8K | 
 | 2016-05-09  | Mon  | +4,305 2,493,007 |  +9,677,810 2,719,811,486 |  $2.4K  -  $38.7K | 
 | 2016-05-10  | Tue  | +4,267 2,497,274 |  -- 2,719,811,486 |  $0  -  $0 | 
 | 2016-05-11  | Wed  | +4,513 2,501,787 |  +14,642,053 2,734,453,539 |  $3.7K  -  $58.6K | 
 | 2016-05-12  | Thu  | +4,398 2,506,185 |  +6,415,899 2,740,869,438 |  $1.6K  -  $25.7K | 
 | 2016-05-13  | Fri  | +4,572 2,510,757 |  +6,152,928 2,747,022,366 |  $1.5K  -  $24.6K | 
 | 2016-05-14  | Sat  | +7,600 2,518,357 |  +6,224,777 2,753,247,143 |  $1.6K  -  $24.9K | 
 | 2016-05-15  | Sun  | +6,644 2,525,001 |  +7,222,518 2,760,469,661 |  $1.8K  -  $28.9K | 