 | 2016-04-17  | Sun  | +7,789 6,978,671 |  +8,314,727 10,453,408,826 |  $2.1K  -  $33.3K | 
 | 2016-04-18  | Mon  | +6,489 6,985,160 |  +10,021,225 10,463,430,051 |  $2.5K  -  $40.1K | 
 | 2016-04-19  | Tue  | +5,643 6,990,803 |  +9,696,053 10,473,126,104 |  $2.4K  -  $38.8K | 
 | 2016-04-20  | Wed  | +5,225 6,996,028 |  +8,270,029 10,481,396,133 |  $2.1K  -  $33.1K | 
 | 2016-04-21  | Thu  | +5,754 7,001,782 |  +7,638,723 10,489,034,856 |  $1.9K  -  $30.6K | 
 | 2016-04-22  | Fri  | +6,304 7,008,086 |  +7,584,702 10,496,619,558 |  $1.9K  -  $30.3K | 
 | 2016-04-23  | Sat  | +8,735 7,016,821 |  +7,807,603 10,504,427,161 |  $2K  -  $31.2K | 
 | 2016-04-24  | Sun  | +12,355 7,029,176 |  +8,601,817 10,513,028,978 |  $2.2K  -  $34.4K | 
 | 2016-04-25  | Mon  | +10,632 7,039,808 |  +11,547,082 10,524,576,060 |  $2.9K  -  $46.2K | 
 | 2016-04-26  | Tue  | +6,987 7,046,795 |  +13,590,541 10,538,166,601 |  $3.4K  -  $54.4K | 
 | 2016-04-27  | Wed  | +7,006 7,053,801 |  +11,603,528 10,549,770,129 |  $2.9K  -  $46.4K | 
 | 2016-04-28  | Thu  | +6,458 7,060,259 |  +9,200,127 10,558,970,256 |  $2.3K  -  $36.8K | 
 | 2016-04-29  | Fri  | +7,074 7,067,333 |  +9,133,119 10,568,103,375 |  $2.3K  -  $36.5K | 
 | 2016-04-30  | Sat  | +11,393 7,078,726 |  +8,633,804 10,576,737,179 |  $2.2K  -  $34.5K | 
 | 2016-05-01  | Sun  | +13,187 7,091,913 |  +9,409,852 10,586,147,031 |  $2.4K  -  $37.6K | 
 | 2016-05-02  | Mon  | +11,964 7,103,877 |  +12,674,650 10,598,821,681 |  $3.2K  -  $50.7K | 
 | 2016-05-03  | Tue  | +8,273 7,112,150 |  +13,131,565 10,611,953,246 |  $3.3K  -  $52.5K | 
 | 2016-05-04  | Wed  | +10,134 7,122,284 |  +12,591,690 10,624,544,936 |  $3.1K  -  $50.4K | 
 | 2016-05-05  | Thu  | +6,808 7,129,092 |  +10,234,685 10,634,779,621 |  $2.6K  -  $40.9K | 
 | 2016-05-06  | Fri  | +6,918 7,136,010 |  +11,343,445 10,646,123,066 |  $2.8K  -  $45.4K | 
 | 2016-05-07  | Sat  | +8,852 7,144,862 |  +8,964,395 10,655,087,461 |  $2.2K  -  $35.9K | 
 | 2016-05-08  | Sun  | +10,420 7,155,282 |  +9,213,709 10,664,301,170 |  $2.3K  -  $36.9K | 
 | 2016-05-09  | Mon  | +7,516 7,162,798 |  +11,689,989 10,675,991,159 |  $2.9K  -  $46.8K | 
 | 2016-05-10  | Tue  | +6,292 7,169,090 |  +11,498,706 10,687,489,865 |  $2.9K  -  $46K | 
 | 2016-05-11  | Wed  | +7,369 7,176,459 |  +9,314,938 10,696,804,803 |  $2.3K  -  $37.3K | 
 | 2016-05-12  | Thu  | +6,972 7,183,431 |  +8,045,511 10,704,850,314 |  $2K  -  $32.2K | 
 | 2016-05-13  | Fri  | +6,944 7,190,375 |  +8,503,323 10,713,353,637 |  $2.1K  -  $34K | 
 | 2016-05-14  | Sat  | +8,124 7,198,499 |  +7,592,179 10,720,945,816 |  $1.9K  -  $30.4K | 
 | 2016-05-15  | Sun  | +9,227 7,207,726 |  +8,521,822 10,729,467,638 |  $2.1K  -  $34.1K | 