 | 2016-04-17  | Sun  | +9,452 2,231,822 |  +16,782,100 4,530,234,131 |  $4.2K  -  $67.1K | 
 | 2016-04-18  | Mon  | +8,042 2,239,864 |  +16,816,175 4,547,050,306 |  $4.2K  -  $67.3K | 
 | 2016-04-19  | Tue  | +8,555 2,248,419 |  +16,893,261 4,563,943,567 |  $4.2K  -  $67.6K | 
 | 2016-04-20  | Wed  | +8,626 2,257,045 |  +16,299,735 4,580,243,302 |  $4.1K  -  $65.2K | 
 | 2016-04-21  | Thu  | +7,778 2,264,823 |  +15,580,365 4,595,823,667 |  $3.9K  -  $62.3K | 
 | 2016-04-22  | Fri  | +8,564 2,273,387 |  +16,546,921 4,612,370,588 |  $4.1K  -  $66.2K | 
 | 2016-04-23  | Sat  | +9,224 2,282,611 |  +15,539,724 4,627,910,312 |  $3.9K  -  $62.2K | 
 | 2016-04-24  | Sun  | +8,663 2,291,274 |  +16,812,987 4,644,723,299 |  $4.2K  -  $67.3K | 
 | 2016-04-25  | Mon  | +8,456 2,299,730 |  +17,263,453 4,661,986,752 |  $4.3K  -  $69.1K | 
 | 2016-04-26  | Tue  | +8,329 2,308,059 |  +16,814,159 4,678,800,911 |  $4.2K  -  $67.3K | 
 | 2016-04-27  | Wed  | +7,862 2,315,921 |  +17,153,362 4,695,954,273 |  $4.3K  -  $68.6K | 
 | 2016-04-28  | Thu  | +7,494 2,323,415 |  +17,248,356 4,713,202,629 |  $4.3K  -  $69K | 
 | 2016-04-29  | Fri  | +8,639 2,332,054 |  +16,986,267 4,730,188,896 |  $4.2K  -  $67.9K | 
 | 2016-04-30  | Sat  | +9,419 2,341,473 |  +16,400,380 4,746,589,276 |  $4.1K  -  $65.6K | 
 | 2016-05-01  | Sun  | +9,107 2,350,580 |  +17,585,294 4,764,174,570 |  $4.4K  -  $70.3K | 
 | 2016-05-02  | Mon  | +9,984 2,360,564 |  +17,135,882 4,781,310,452 |  $4.3K  -  $68.5K | 
 | 2016-05-03  | Tue  | +8,290 2,368,854 |  +16,616,241 4,797,926,693 |  $4.2K  -  $66.5K | 
 | 2016-05-04  | Wed  | +7,746 2,376,600 |  +18,350,512 4,816,277,205 |  $4.6K  -  $73.4K | 
 | 2016-05-05  | Thu  | +7,175 2,383,775 |  +15,877,308 4,832,154,513 |  $4K  -  $63.5K | 
 | 2016-05-06  | Fri  | +7,878 2,391,653 |  +16,869,715 4,849,024,228 |  $4.2K  -  $67.5K | 
 | 2016-05-07  | Sat  | +7,341 2,398,994 |  +15,423,456 4,864,447,684 |  $3.9K  -  $61.7K | 
 | 2016-05-08  | Sun  | +7,506 2,406,500 |  +16,759,683 4,881,207,367 |  $4.2K  -  $67K | 
 | 2016-05-09  | Mon  | +7,475 2,413,975 |  +15,683,026 4,896,890,393 |  $3.9K  -  $62.7K | 
 | 2016-05-10  | Tue  | +8,115 2,422,090 |  +14,677,503 4,911,567,896 |  $3.7K  -  $58.7K | 
 | 2016-05-11  | Wed  | +9,669 2,431,759 |  +15,384,981 4,926,952,877 |  $3.8K  -  $61.5K | 
 | 2016-05-12  | Thu  | +8,375 2,440,134 |  +14,855,019 4,941,807,896 |  $3.7K  -  $59.4K | 
 | 2016-05-13  | Fri  | +8,692 2,448,826 |  +15,065,059 4,956,872,955 |  $3.8K  -  $60.3K | 
 | 2016-05-14  | Sat  | +9,952 2,458,778 |  +13,287,368 4,970,160,323 |  $3.3K  -  $53.1K | 
 | 2016-05-15  | Sun  | +10,141 2,468,919 |  +14,374,610 4,984,534,933 |  $3.6K  -  $57.5K | 