 | 2016-04-17  | Sun  | +38,045 10,924,508 |  +7,548,528 2,570,525,623 |  $1.9K  -  $30.2K | 
 | 2016-04-18  | Mon  | +33,648 10,958,156 |  +8,457,005 2,578,982,628 |  $2.1K  -  $33.8K | 
 | 2016-04-19  | Tue  | +32,782 10,990,938 |  +6,870,355 2,585,852,983 |  $1.7K  -  $27.5K | 
 | 2016-04-20  | Wed  | +31,920 11,022,858 |  +8,919,306 2,594,772,289 |  $2.2K  -  $35.7K | 
 | 2016-04-21  | Thu  | +27,865 11,050,723 |  +6,812,504 2,601,584,793 |  $1.7K  -  $27.3K | 
 | 2016-04-22  | Fri  | +43,076 11,093,799 |  +5,946,511 2,607,531,304 |  $1.5K  -  $23.8K | 
 | 2016-04-23  | Sat  | +48,235 11,142,034 |  +5,534,506 2,613,065,810 |  $1.4K  -  $22.1K | 
 | 2016-04-24  | Sun  | +36,016 11,178,050 |  +9,529,804 2,622,595,614 |  $2.4K  -  $38.1K | 
 | 2016-04-25  | Mon  | +31,117 11,209,167 |  +9,042,718 2,631,638,332 |  $2.3K  -  $36.2K | 
 | 2016-04-26  | Tue  | +36,588 11,245,755 |  +6,776,399 2,638,414,731 |  $1.7K  -  $27.1K | 
 | 2016-04-27  | Wed  | +29,279 11,275,034 |  +7,807,956 2,646,222,687 |  $2K  -  $31.2K | 
 | 2016-04-28  | Thu  | +32,359 11,307,393 |  +8,401,592 2,654,624,279 |  $2.1K  -  $33.6K | 
 | 2016-04-29  | Fri  | +36,553 11,343,946 |  +6,483,783 2,661,108,062 |  $1.6K  -  $25.9K | 
 | 2016-04-30  | Sat  | +46,583 11,390,529 |  +6,411,982 2,667,520,044 |  $1.6K  -  $25.6K | 
 | 2016-05-01  | Sun  | +37,613 11,428,142 |  +10,008,440 2,677,528,484 |  $2.5K  -  $40K | 
 | 2016-05-02  | Mon  | +27,930 11,456,072 |  +10,777,227 2,688,305,711 |  $2.7K  -  $43.1K | 
 | 2016-05-03  | Tue  | +24,146 11,480,218 |  +7,619,761 2,695,925,472 |  $1.9K  -  $30.5K | 
 | 2016-05-04  | Wed  | +38,016 11,518,234 |  +5,843,800 2,701,769,272 |  $1.5K  -  $23.4K | 
 | 2016-05-05  | Thu  | +29,157 11,547,391 |  +6,965,685 2,708,734,957 |  $1.7K  -  $27.9K | 
 | 2016-05-06  | Fri  | +28,785 11,576,176 |  +9,325,564 2,718,060,521 |  $2.3K  -  $37.3K | 
 | 2016-05-07  | Sat  | +41,680 11,617,856 |  +6,632,081 2,724,692,602 |  $1.7K  -  $26.5K | 
 | 2016-05-08  | Sun  | +39,408 11,657,264 |  +7,029,318 2,731,721,920 |  $1.8K  -  $28.1K | 
 | 2016-05-09  | Mon  | +30,935 11,688,199 |  +11,761,045 2,743,482,965 |  $2.9K  -  $47K | 
 | 2016-05-10  | Tue  | +28,962 11,717,161 |  +8,452,617 2,751,935,582 |  $2.1K  -  $33.8K | 
 | 2016-05-11  | Wed  | +29,366 11,746,527 |  +6,565,915 2,758,501,497 |  $1.6K  -  $26.3K | 
 | 2016-05-12  | Thu  | +29,084 11,775,611 |  +6,077,664 2,764,579,161 |  $1.5K  -  $24.3K | 
 | 2016-05-13  | Fri  | +27,561 11,803,172 |  +8,118,943 2,772,698,104 |  $2K  -  $32.5K | 
 | 2016-05-14  | Sat  | +31,278 11,834,450 |  +6,772,682 2,779,470,786 |  $1.7K  -  $27.1K | 
 | 2016-05-15  | Sun  | +29,285 11,863,735 |  +6,769,370 2,786,240,156 |  $1.7K  -  $27.1K | 