 | 2016-04-17  | Sun  | +15,546 4,447,681 |  +8,059,791 1,502,588,105 |  $2K  -  $32.2K | 
 | 2016-04-18  | Mon  | +12,699 4,460,380 |  +9,053,462 1,511,641,567 |  $2.3K  -  $36.2K | 
 | 2016-04-19  | Tue  | +13,089 4,473,469 |  +7,791,325 1,519,432,892 |  $1.9K  -  $31.2K | 
 | 2016-04-20  | Wed  | +14,467 4,487,936 |  +7,121,767 1,526,554,659 |  $1.8K  -  $28.5K | 
 | 2016-04-21  | Thu  | +14,149 4,502,085 |  +7,465,120 1,534,019,779 |  $1.9K  -  $29.9K | 
 | 2016-04-22  | Fri  | +15,673 4,517,758 |  +7,882,846 1,541,902,625 |  $2K  -  $31.5K | 
 | 2016-04-23  | Sat  | +17,240 4,534,998 |  +7,949,317 1,549,851,942 |  $2K  -  $31.8K | 
 | 2016-04-24  | Sun  | +15,193 4,550,191 |  +8,224,144 1,558,076,086 |  $2.1K  -  $32.9K | 
 | 2016-04-25  | Mon  | +12,823 4,563,014 |  +9,246,951 1,567,323,037 |  $2.3K  -  $37K | 
 | 2016-04-26  | Tue  | +13,047 4,576,061 |  +8,148,037 1,575,471,074 |  $2K  -  $32.6K | 
 | 2016-04-27  | Wed  | +14,001 4,590,062 |  +7,435,325 1,582,906,399 |  $1.9K  -  $29.7K | 
 | 2016-04-28  | Thu  | +14,350 4,604,412 |  +7,548,066 1,590,454,465 |  $1.9K  -  $30.2K | 
 | 2016-04-29  | Fri  | +13,565 4,617,977 |  +7,775,459 1,598,229,924 |  $1.9K  -  $31.1K | 
 | 2016-04-30  | Sat  | +15,172 4,633,149 |  +7,939,556 1,606,169,480 |  $2K  -  $31.8K | 
 | 2016-05-01  | Sun  | +14,538 4,647,687 |  +7,424,952 1,613,594,432 |  $1.9K  -  $29.7K | 
 | 2016-05-02  | Mon  | +13,127 4,660,814 |  +7,647,969 1,621,242,401 |  $1.9K  -  $30.6K | 
 | 2016-05-03  | Tue  | +13,623 4,674,437 |  +7,662,096 1,628,904,497 |  $1.9K  -  $30.6K | 
 | 2016-05-04  | Wed  | +14,619 4,689,056 |  +7,982,047 1,636,886,544 |  $2K  -  $31.9K | 
 | 2016-05-05  | Thu  | +15,898 4,704,954 |  +8,227,294 1,645,113,838 |  $2.1K  -  $32.9K | 
 | 2016-05-06  | Fri  | +27,134 4,732,088 |  +8,841,342 1,653,955,180 |  $2.2K  -  $35.4K | 
 | 2016-05-07  | Sat  | +34,171 4,766,259 |  +9,207,604 1,663,162,784 |  $2.3K  -  $36.8K | 
 | 2016-05-08  | Sun  | +28,462 4,794,721 |  +11,128,516 1,674,291,300 |  $2.8K  -  $44.5K | 
 | 2016-05-09  | Mon  | +21,746 4,816,467 |  +11,964,702 1,686,256,002 |  $3K  -  $47.9K | 
 | 2016-05-10  | Tue  | +20,685 4,837,152 |  +10,739,482 1,696,995,484 |  $2.7K  -  $43K | 
 | 2016-05-11  | Wed  | +19,112 4,856,264 |  +9,931,468 1,706,926,952 |  $2.5K  -  $39.7K | 
 | 2016-05-12  | Thu  | +18,603 4,874,867 |  +9,624,738 1,716,551,690 |  $2.4K  -  $38.5K | 
 | 2016-05-13  | Fri  | +20,288 4,895,155 |  +9,587,578 1,726,139,268 |  $2.4K  -  $38.4K | 
 | 2016-05-14  | Sat  | +23,480 4,918,635 |  +9,605,514 1,735,744,782 |  $2.4K  -  $38.4K | 
 | 2016-05-15  | Sun  | +20,389 4,939,024 |  +10,642,312 1,746,387,094 |  $2.7K  -  $42.6K | 