 | 2016-04-17  | Sun  | +8,803 4,463,404 |  +7,590,048 4,268,508,952 |  $1.9K  -  $30.4K | 
 | 2016-04-18  | Mon  | +7,583 4,470,987 |  +7,964,343 4,276,473,295 |  $2K  -  $31.9K | 
 | 2016-04-19  | Tue  | +8,209 4,479,196 |  +7,279,558 4,283,752,853 |  $1.8K  -  $29.1K | 
 | 2016-04-20  | Wed  | +7,578 4,486,774 |  +6,950,949 4,290,703,802 |  $1.7K  -  $27.8K | 
 | 2016-04-21  | Thu  | +8,019 4,494,793 |  +7,003,373 4,297,707,175 |  $1.8K  -  $28K | 
 | 2016-04-22  | Fri  | +9,058 4,503,851 |  +7,065,209 4,304,772,384 |  $1.8K  -  $28.3K | 
 | 2016-04-23  | Sat  | +9,611 4,513,462 |  +7,317,831 4,312,090,215 |  $1.8K  -  $29.3K | 
 | 2016-04-24  | Sun  | +8,436 4,521,898 |  +7,720,168 4,319,810,383 |  $1.9K  -  $30.9K | 
 | 2016-04-25  | Mon  | +7,992 4,529,890 |  +8,166,693 4,327,977,076 |  $2K  -  $32.7K | 
 | 2016-04-26  | Tue  | +9,001 4,538,891 |  +7,463,867 4,335,440,943 |  $1.9K  -  $29.9K | 
 | 2016-04-27  | Wed  | +8,488 4,547,379 |  +7,493,272 4,342,934,215 |  $1.9K  -  $30K | 
 | 2016-04-28  | Thu  | +7,728 4,555,107 |  +7,847,844 4,350,782,059 |  $2K  -  $31.4K | 
 | 2016-04-29  | Fri  | +8,845 4,563,952 |  +7,724,958 4,358,507,017 |  $1.9K  -  $30.9K | 
 | 2016-04-30  | Sat  | +9,562 4,573,514 |  +7,349,952 4,365,856,969 |  $1.8K  -  $29.4K | 
 | 2016-05-01  | Sun  | +8,963 4,582,477 |  +7,809,973 4,373,666,942 |  $2K  -  $31.2K | 
 | 2016-05-02  | Mon  | +8,038 4,590,515 |  +8,272,831 4,381,939,773 |  $2.1K  -  $33.1K | 
 | 2016-05-03  | Tue  | +8,476 4,598,991 |  +7,467,042 4,389,406,815 |  $1.9K  -  $29.9K | 
 | 2016-05-04  | Wed  | +9,321 4,608,312 |  +7,214,100 4,396,620,915 |  $1.8K  -  $28.9K | 
 | 2016-05-05  | Thu  | +8,651 4,616,963 |  +7,297,166 4,403,918,081 |  $1.8K  -  $29.2K | 
 | 2016-05-06  | Fri  | +8,279 4,625,242 |  +7,501,224 4,411,419,305 |  $1.9K  -  $30K | 
 | 2016-05-07  | Sat  | +8,732 4,633,974 |  +7,764,140 4,419,183,445 |  $1.9K  -  $31.1K | 
 | 2016-05-08  | Sun  | +8,586 4,642,560 |  +8,026,180 4,427,209,625 |  $2K  -  $32.1K | 
 | 2016-05-09  | Mon  | +7,027 4,649,587 |  +8,348,723 4,435,558,348 |  $2.1K  -  $33.4K | 
 | 2016-05-10  | Tue  | +12,415 4,662,002 |  +7,378,167 4,442,936,515 |  $1.8K  -  $29.5K | 
 | 2016-05-11  | Wed  | +12,589 4,674,591 |  +7,271,993 4,450,208,508 |  $1.8K  -  $29.1K | 
 | 2016-05-12  | Thu  | +11,497 4,686,088 |  +2,865,611 4,453,074,119 |  $716  -  $11.5K | 
 | 2016-05-13  | Fri  | +7,661 4,693,749 |  +7,666,747 4,460,740,866 |  $1.9K  -  $30.7K | 
 | 2016-05-14  | Sat  | +9,985 4,703,734 |  +7,708,326 4,468,449,192 |  $1.9K  -  $30.8K | 
 | 2016-05-15  | Sun  | +8,939 4,712,673 |  +7,924,855 4,476,374,047 |  $2K  -  $31.7K | 