 | 2016-04-17  | Sun  | +11,984 6,503,579 |  +11,833,408 8,260,715,636 |  $3K  -  $47.3K | 
 | 2016-04-18  | Mon  | +10,878 6,514,457 |  +12,238,861 8,272,954,497 |  $3.1K  -  $49K | 
 | 2016-04-19  | Tue  | +10,042 6,524,499 |  +11,524,077 8,284,478,574 |  $2.9K  -  $46.1K | 
 | 2016-04-20  | Wed  | +10,106 6,534,605 |  +9,592,321 8,294,070,895 |  $2.4K  -  $38.4K | 
 | 2016-04-21  | Thu  | +9,238 6,543,843 |  +9,708,868 8,303,779,763 |  $2.4K  -  $38.8K | 
 | 2016-04-22  | Fri  | +10,061 6,553,904 |  +10,461,792 8,314,241,555 |  $2.6K  -  $41.8K | 
 | 2016-04-23  | Sat  | +11,132 6,565,036 |  +10,482,261 8,324,723,816 |  $2.6K  -  $41.9K | 
 | 2016-04-24  | Sun  | +10,244 6,575,280 |  +11,084,010 8,335,807,826 |  $2.8K  -  $44.3K | 
 | 2016-04-25  | Mon  | +9,093 6,584,373 |  +11,345,654 8,347,153,480 |  $2.8K  -  $45.4K | 
 | 2016-04-26  | Tue  | +10,452 6,594,825 |  +10,648,612 8,357,802,092 |  $2.7K  -  $42.6K | 
 | 2016-04-27  | Wed  | +10,173 6,604,998 |  +9,902,762 8,367,704,854 |  $2.5K  -  $39.6K | 
 | 2016-04-28  | Thu  | +9,047 6,614,045 |  +10,160,823 8,377,865,677 |  $2.5K  -  $40.6K | 
 | 2016-04-29  | Fri  | +9,635 6,623,680 |  +10,074,736 8,387,940,413 |  $2.5K  -  $40.3K | 
 | 2016-04-30  | Sat  | +10,763 6,634,443 |  +9,649,753 8,397,590,166 |  $2.4K  -  $38.6K | 
 | 2016-05-01  | Sun  | +10,905 6,645,348 |  +9,384,984 8,406,975,150 |  $2.3K  -  $37.5K | 
 | 2016-05-02  | Mon  | +10,087 6,655,435 |  +10,464,673 8,417,439,823 |  $2.6K  -  $41.9K | 
 | 2016-05-03  | Tue  | +9,669 6,665,104 |  +9,982,332 8,427,422,155 |  $2.5K  -  $39.9K | 
 | 2016-05-04  | Wed  | +8,892 6,673,996 |  +10,116,767 8,437,538,922 |  $2.5K  -  $40.5K | 
 | 2016-05-05  | Thu  | +9,150 6,683,146 |  +9,943,328 8,447,482,250 |  $2.5K  -  $39.8K | 
 | 2016-05-06  | Fri  | +9,451 6,692,597 |  +10,016,529 8,457,498,779 |  $2.5K  -  $40.1K | 
 | 2016-05-07  | Sat  | +10,214 6,702,811 |  +8,298,886 8,465,797,665 |  $2.1K  -  $33.2K | 
 | 2016-05-08  | Sun  | +10,046 6,712,857 |  +10,593,769 8,476,391,434 |  $2.6K  -  $42.4K | 
 | 2016-05-09  | Mon  | +9,223 6,722,080 |  +10,942,416 8,487,333,850 |  $2.7K  -  $43.8K | 
 | 2016-05-10  | Tue  | +9,489 6,731,569 |  +10,160,688 8,497,494,538 |  $2.5K  -  $40.6K | 
 | 2016-05-11  | Wed  | +10,321 6,741,890 |  +9,550,292 8,507,044,830 |  $2.4K  -  $38.2K | 
 | 2016-05-12  | Thu  | +10,166 6,752,056 |  +9,604,947 8,516,649,777 |  $2.4K  -  $38.4K | 
 | 2016-05-13  | Fri  | +10,430 6,762,486 |  +9,490,892 8,526,140,669 |  $2.4K  -  $38K | 
 | 2016-05-14  | Sat  | +11,917 6,774,403 |  +9,512,235 8,535,652,904 |  $2.4K  -  $38K | 
 | 2016-05-15  | Sun  | +12,456 6,786,859 |  +10,396,662 8,546,049,566 |  $2.6K  -  $41.6K | 