 | 2016-04-17  | Sun  | +4,969 6,762,093 |  +6,777,089 6,621,809,605 |  $1.7K  -  $27.1K | 
 | 2016-04-18  | Mon  | +5,570 6,767,663 |  +7,097,893 6,628,907,498 |  $1.8K  -  $28.4K | 
 | 2016-04-19  | Tue  | +5,862 6,773,525 |  +7,555,806 6,636,463,304 |  $1.9K  -  $30.2K | 
 | 2016-04-20  | Wed  | +5,758 6,779,283 |  -- 6,636,463,304 |  $0  -  $0 | 
 | 2016-04-21  | Thu  | +5,954 6,785,237 |  +16,893,299 6,653,356,603 |  $4.2K  -  $67.6K | 
 | 2016-04-22  | Fri  | +6,381 6,791,618 |  +8,789,041 6,662,145,644 |  $2.2K  -  $35.2K | 
 | 2016-04-23  | Sat  | +5,974 6,797,592 |  +9,242,461 6,671,388,105 |  $2.3K  -  $37K | 
 | 2016-04-24  | Sun  | +6,680 6,804,272 |  +9,158,146 6,680,546,251 |  $2.3K  -  $36.6K | 
 | 2016-04-25  | Mon  | +5,818 6,810,090 |  +8,648,922 6,689,195,173 |  $2.2K  -  $34.6K | 
 | 2016-04-26  | Tue  | +6,251 6,816,341 |  +8,650,034 6,697,845,207 |  $2.2K  -  $34.6K | 
 | 2016-04-27  | Wed  | +6,101 6,822,442 |  +8,981,497 6,706,826,704 |  $2.2K  -  $35.9K | 
 | 2016-04-28  | Thu  | +5,600 6,828,042 |  +9,084,546 6,715,911,250 |  $2.3K  -  $36.3K | 
 | 2016-04-29  | Fri  | +6,439 6,834,481 |  +9,186,707 6,725,097,957 |  $2.3K  -  $36.7K | 
 | 2016-04-30  | Sat  | +6,362 6,840,843 |  +9,185,236 6,734,283,193 |  $2.3K  -  $36.7K | 
 | 2016-05-01  | Sun  | +6,089 6,846,932 |  +9,015,460 6,743,298,653 |  $2.3K  -  $36.1K | 
 | 2016-05-02  | Mon  | +5,991 6,852,923 |  +8,471,066 6,751,769,719 |  $2.1K  -  $33.9K | 
 | 2016-05-03  | Tue  | +6,195 6,859,118 |  +8,405,133 6,760,174,852 |  $2.1K  -  $33.6K | 
 | 2016-05-04  | Wed  | +6,637 6,865,755 |  +8,709,105 6,768,883,957 |  $2.2K  -  $34.8K | 
 | 2016-05-05  | Thu  | +7,000 6,872,755 |  +8,958,656 6,777,842,613 |  $2.2K  -  $35.8K | 
 | 2016-05-06  | Fri  | +6,810 6,879,565 |  +9,184,160 6,787,026,773 |  $2.3K  -  $36.7K | 
 | 2016-05-07  | Sat  | +6,681 6,886,246 |  +9,186,709 6,796,213,482 |  $2.3K  -  $36.7K | 
 | 2016-05-08  | Sun  | +6,473 6,892,719 |  +9,159,123 6,805,372,605 |  $2.3K  -  $36.6K | 
 | 2016-05-09  | Mon  | +6,355 6,899,074 |  +8,620,080 6,813,992,685 |  $2.2K  -  $34.5K | 
 | 2016-05-10  | Tue  | +6,254 6,905,328 |  +8,766,338 6,822,759,023 |  $2.2K  -  $35.1K | 
 | 2016-05-11  | Wed  | +6,746 6,912,074 |  +9,070,986 6,831,830,009 |  $2.3K  -  $36.3K | 
 | 2016-05-12  | Thu  | +6,597 6,918,671 |  +9,261,498 6,841,091,507 |  $2.3K  -  $37K | 
 | 2016-05-13  | Fri  | +6,584 6,925,255 |  +9,057,198 6,850,148,705 |  $2.3K  -  $36.2K | 
 | 2016-05-14  | Sat  | +6,966 6,932,221 |  +8,726,768 6,858,875,473 |  $2.2K  -  $34.9K | 
 | 2016-05-15  | Sun  | +6,088 6,938,309 |  +8,601,457 6,867,476,930 |  $2.2K  -  $34.4K | 