 | 2016-04-17  | Sun  | +7,026 3,645,344 |  +9,047,105 5,613,767,944 |  $2.3K  -  $36.2K | 
 | 2016-04-18  | Mon  | +5,067 3,650,411 |  +10,174,794 5,623,942,738 |  $2.5K  -  $40.7K | 
 | 2016-04-19  | Tue  | +4,835 3,655,246 |  +9,842,159 5,633,784,897 |  $2.5K  -  $39.4K | 
 | 2016-04-20  | Wed  | +4,431 3,659,677 |  +8,303,748 5,642,088,645 |  $2.1K  -  $33.2K | 
 | 2016-04-21  | Thu  | +4,479 3,664,156 |  +7,678,343 5,649,766,988 |  $1.9K  -  $30.7K | 
 | 2016-04-22  | Fri  | +4,813 3,668,969 |  +7,584,093 5,657,351,081 |  $1.9K  -  $30.3K | 
 | 2016-04-23  | Sat  | +4,995 3,673,964 |  +7,828,832 5,665,179,913 |  $2K  -  $31.3K | 
 | 2016-04-24  | Sun  | +5,803 3,679,767 |  +8,246,290 5,673,426,203 |  $2.1K  -  $33K | 
 | 2016-04-25  | Mon  | +6,612 3,686,379 |  +8,384,101 5,681,810,304 |  $2.1K  -  $33.5K | 
 | 2016-04-26  | Tue  | +6,060 3,692,439 |  +9,365,143 5,691,175,447 |  $2.3K  -  $37.5K | 
 | 2016-04-27  | Wed  | +8,410 3,700,849 |  +9,790,968 5,700,966,415 |  $2.4K  -  $39.2K | 
 | 2016-04-28  | Thu  | +5,221 3,706,070 |  +9,214,981 5,710,181,396 |  $2.3K  -  $36.9K | 
 | 2016-04-29  | Fri  | +5,786 3,711,856 |  +10,611,783 5,720,793,179 |  $2.7K  -  $42.4K | 
 | 2016-04-30  | Sat  | +7,147 3,719,003 |  +8,487,721 5,729,280,900 |  $2.1K  -  $34K | 
 | 2016-05-01  | Sun  | +8,816 3,727,819 |  +9,144,733 5,738,425,633 |  $2.3K  -  $36.6K | 
 | 2016-05-02  | Mon  | +10,253 3,738,072 |  +9,500,450 5,747,926,083 |  $2.4K  -  $38K | 
 | 2016-05-03  | Tue  | +6,877 3,744,949 |  +10,713,265 5,758,639,348 |  $2.7K  -  $42.9K | 
 | 2016-05-04  | Wed  | +7,924 3,752,873 |  +11,944,529 5,770,583,877 |  $3K  -  $47.8K | 
 | 2016-05-05  | Thu  | +5,117 3,757,990 |  +8,463,324 5,779,047,201 |  $2.1K  -  $33.9K | 
 | 2016-05-06  | Fri  | +5,029 3,763,019 |  +10,333,296 5,789,380,497 |  $2.6K  -  $41.3K | 
 | 2016-05-07  | Sat  | +5,491 3,768,510 |  +7,795,995 5,797,176,492 |  $1.9K  -  $31.2K | 
 | 2016-05-08  | Sun  | +5,448 3,773,958 |  +7,948,007 5,805,124,499 |  $2K  -  $31.8K | 
 | 2016-05-09  | Mon  | +5,971 3,779,929 |  +8,247,619 5,813,372,118 |  $2.1K  -  $33K | 
 | 2016-05-10  | Tue  | +5,452 3,785,381 |  +8,104,751 5,821,476,869 |  $2K  -  $32.4K | 
 | 2016-05-11  | Wed  | +8,187 3,793,568 |  +8,193,252 5,829,670,121 |  $2K  -  $32.8K | 
 | 2016-05-12  | Thu  | +7,382 3,800,950 |  +7,621,043 5,837,291,164 |  $1.9K  -  $30.5K | 
 | 2016-05-13  | Fri  | +8,430 3,809,380 |  +8,971,089 5,846,262,253 |  $2.2K  -  $35.9K | 
 | 2016-05-14  | Sat  | +10,145 3,819,525 |  +8,527,125 5,854,789,378 |  $2.1K  -  $34.1K | 
 | 2016-05-15  | Sun  | +8,155 3,827,680 |  +8,641,126 5,863,430,504 |  $2.2K  -  $34.6K | 