 | 2016-04-17  | Sun  | +17,496 9,713,384 |  +7,684,015 4,269,672,540 |  $1.9K  -  $30.7K | 
 | 2016-04-18  | Mon  | +14,547 9,727,931 |  +10,972,245 4,280,644,785 |  $2.7K  -  $43.9K | 
 | 2016-04-19  | Tue  | +16,014 9,743,945 |  +9,437,466 4,290,082,251 |  $2.4K  -  $37.7K | 
 | 2016-04-20  | Wed  | +13,600 9,757,545 |  +7,064,868 4,297,147,119 |  $1.8K  -  $28.3K | 
 | 2016-04-21  | Thu  | +10,349 9,767,894 |  +6,921,549 4,304,068,668 |  $1.7K  -  $27.7K | 
 | 2016-04-22  | Fri  | +12,043 9,779,937 |  +6,982,103 4,311,050,771 |  $1.7K  -  $27.9K | 
 | 2016-04-23  | Sat  | +16,792 9,796,729 |  +6,091,532 4,317,142,303 |  $1.5K  -  $24.4K | 
 | 2016-04-24  | Sun  | +15,339 9,812,068 |  +7,268,883 4,324,411,186 |  $1.8K  -  $29.1K | 
 | 2016-04-25  | Mon  | +12,596 9,824,664 |  +8,394,511 4,332,805,697 |  $2.1K  -  $33.6K | 
 | 2016-04-26  | Tue  | +13,264 9,837,928 |  +8,667,477 4,341,473,174 |  $2.2K  -  $34.7K | 
 | 2016-04-27  | Wed  | +14,341 9,852,269 |  +6,292,151 4,347,765,325 |  $1.6K  -  $25.2K | 
 | 2016-04-28  | Thu  | +10,297 9,862,566 |  +6,755,562 4,354,520,887 |  $1.7K  -  $27K | 
 | 2016-04-29  | Fri  | +14,796 9,877,362 |  +6,703,970 4,361,224,857 |  $1.7K  -  $26.8K | 
 | 2016-04-30  | Sat  | +18,770 9,896,132 |  +6,422,181 4,367,647,038 |  $1.6K  -  $25.7K | 
 | 2016-05-01  | Sun  | +23,394 9,919,526 |  +7,012,861 4,374,659,899 |  $1.8K  -  $28.1K | 
 | 2016-05-02  | Mon  | +16,954 9,936,480 |  +8,435,998 4,383,095,897 |  $2.1K  -  $33.7K | 
 | 2016-05-03  | Tue  | +14,572 9,951,052 |  +8,953,028 4,392,048,925 |  $2.2K  -  $35.8K | 
 | 2016-05-04  | Wed  | +13,366 9,964,418 |  +7,070,858 4,399,119,783 |  $1.8K  -  $28.3K | 
 | 2016-05-05  | Thu  | +16,262 9,980,680 |  +6,436,888 4,405,556,671 |  $1.6K  -  $25.7K | 
 | 2016-05-06  | Fri  | +18,351 9,999,031 |  +6,320,149 4,411,876,820 |  $1.6K  -  $25.3K | 
 | 2016-05-07  | Sat  | +28,221 10,027,252 |  +6,189,346 4,418,066,166 |  $1.5K  -  $24.8K | 
 | 2016-05-08  | Sun  | +27,256 10,054,508 |  +6,523,638 4,424,589,804 |  $1.6K  -  $26.1K | 
 | 2016-05-09  | Mon  | +21,167 10,075,675 |  +8,473,415 4,433,063,219 |  $2.1K  -  $33.9K | 
 | 2016-05-10  | Tue  | +20,938 10,096,613 |  +9,193,685 4,442,256,904 |  $2.3K  -  $36.8K | 
 | 2016-05-11  | Wed  | +15,547 10,112,160 |  +7,531,418 4,449,788,322 |  $1.9K  -  $30.1K | 
 | 2016-05-12  | Thu  | +15,057 10,127,217 |  +7,259,503 4,457,047,825 |  $1.8K  -  $29K | 
 | 2016-05-13  | Fri  | +14,234 10,141,451 |  +6,208,167 4,463,255,992 |  $1.6K  -  $24.8K | 
 | 2016-05-14  | Sat  | +20,150 10,161,601 |  +3,293,719 4,466,549,711 |  $823  -  $13.2K | 
 | 2016-05-15  | Sun  | +22,679 10,184,280 |  +5,010,801 4,471,560,512 |  $1.3K  -  $20K | 