 | 2016-04-17  | Sun  | +25,552 20,878,627 |  +17,103,523 10,459,220,706 |  $4.3K  -  $68.4K | 
 | 2016-04-18  | Mon  | +21,761 20,900,388 |  +19,430,683 10,478,651,389 |  $4.9K  -  $77.7K | 
 | 2016-04-19  | Tue  | +22,479 20,922,867 |  +16,133,118 10,494,784,507 |  $4K  -  $64.5K | 
 | 2016-04-20  | Wed  | +22,005 20,944,872 |  +14,683,944 10,509,468,451 |  $3.7K  -  $58.7K | 
 | 2016-04-21  | Thu  | +23,715 20,968,587 |  +14,611,151 10,524,079,602 |  $3.7K  -  $58.4K | 
 | 2016-04-22  | Fri  | +25,566 20,994,153 |  +14,717,574 10,538,797,176 |  $3.7K  -  $58.9K | 
 | 2016-04-23  | Sat  | +28,494 21,022,647 |  +15,854,837 10,554,652,013 |  $4K  -  $63.4K | 
 | 2016-04-24  | Sun  | +23,765 21,046,412 |  +16,544,686 10,571,196,699 |  $4.1K  -  $66.2K | 
 | 2016-04-25  | Mon  | +20,163 21,066,575 |  +17,696,846 10,588,893,545 |  $4.4K  -  $70.8K | 
 | 2016-04-26  | Tue  | +21,710 21,088,285 |  +15,062,227 10,603,955,772 |  $3.8K  -  $60.2K | 
 | 2016-04-27  | Wed  | +20,794 21,109,079 |  +14,324,516 10,618,280,288 |  $3.6K  -  $57.3K | 
 | 2016-04-28  | Thu  | +19,580 21,128,659 |  +14,341,377 10,632,621,665 |  $3.6K  -  $57.4K | 
 | 2016-04-29  | Fri  | +22,723 21,151,382 |  +14,335,783 10,646,957,448 |  $3.6K  -  $57.3K | 
 | 2016-04-30  | Sat  | +25,793 21,177,175 |  +14,580,128 10,661,537,576 |  $3.6K  -  $58.3K | 
 | 2016-05-01  | Sun  | +23,886 21,201,061 |  +15,453,544 10,676,991,120 |  $3.9K  -  $61.8K | 
 | 2016-05-02  | Mon  | +20,499 21,221,560 |  +16,247,000 10,693,238,120 |  $4.1K  -  $65K | 
 | 2016-05-03  | Tue  | +20,519 21,242,079 |  +14,345,030 10,707,583,150 |  $3.6K  -  $57.4K | 
 | 2016-05-04  | Wed  | +21,844 21,263,923 |  +13,912,486 10,721,495,636 |  $3.5K  -  $55.6K | 
 | 2016-05-05  | Thu  | +22,994 21,286,917 |  +14,085,534 10,735,581,170 |  $3.5K  -  $56.3K | 
 | 2016-05-06  | Fri  | +24,335 21,311,252 |  +14,685,869 10,750,267,039 |  $3.7K  -  $58.7K | 
 | 2016-05-07  | Sat  | +27,647 21,338,899 |  +15,354,667 10,765,621,706 |  $3.8K  -  $61.4K | 
 | 2016-05-08  | Sun  | +23,189 21,362,088 |  +15,995,188 10,781,616,894 |  $4K  -  $64K | 
 | 2016-05-09  | Mon  | +20,159 21,382,247 |  +16,990,122 10,798,607,016 |  $4.2K  -  $68K | 
 | 2016-05-10  | Tue  | +21,551 21,403,798 |  +14,000,416 10,812,607,432 |  $3.5K  -  $56K | 
 | 2016-05-11  | Wed  | +21,902 21,425,700 |  +13,298,939 10,825,906,371 |  $3.3K  -  $53.2K | 
 | 2016-05-12  | Thu  | +21,601 21,447,301 |  +14,110,898 10,840,017,269 |  $3.5K  -  $56.4K | 
 | 2016-05-13  | Fri  | +23,910 21,471,211 |  +14,042,393 10,854,059,662 |  $3.5K  -  $56.2K | 
 | 2016-05-14  | Sat  | +26,634 21,497,845 |  +13,815,039 10,867,874,701 |  $3.5K  -  $55.3K | 
 | 2016-05-15  | Sun  | +23,098 21,520,943 |  +14,757,465 10,882,632,166 |  $3.7K  -  $59K | 