 | 2016-04-17  | Sun  | +11,047 6,073,885 |  +14,101,772 7,407,358,942 |  $3.5K  -  $56.4K | 
 | 2016-04-18  | Mon  | +10,644 6,084,529 |  +13,775,097 7,421,134,039 |  $3.4K  -  $55.1K | 
 | 2016-04-19  | Tue  | +10,300 6,094,829 |  +13,012,397 7,434,146,436 |  $3.3K  -  $52K | 
 | 2016-04-20  | Wed  | +9,848 6,104,677 |  +13,645,299 7,447,791,735 |  $3.4K  -  $54.6K | 
 | 2016-04-21  | Thu  | +10,048 6,114,725 |  +12,609,434 7,460,401,169 |  $3.2K  -  $50.4K | 
 | 2016-04-22  | Fri  | +10,329 6,125,054 |  +13,148,966 7,473,550,135 |  $3.3K  -  $52.6K | 
 | 2016-04-23  | Sat  | +11,304 6,136,358 |  +13,145,034 7,486,695,169 |  $3.3K  -  $52.6K | 
 | 2016-04-24  | Sun  | +11,496 6,147,854 |  +14,123,133 7,500,818,302 |  $3.5K  -  $56.5K | 
 | 2016-04-25  | Mon  | +9,891 6,157,745 |  +13,980,315 7,514,798,617 |  $3.5K  -  $55.9K | 
 | 2016-04-26  | Tue  | +10,305 6,168,050 |  +13,221,866 7,528,020,483 |  $3.3K  -  $52.9K | 
 | 2016-04-27  | Wed  | +9,118 6,177,168 |  +14,108,618 7,542,129,101 |  $3.5K  -  $56.4K | 
 | 2016-04-28  | Thu  | +10,920 6,188,088 |  +12,939,107 7,555,068,208 |  $3.2K  -  $51.8K | 
 | 2016-04-29  | Fri  | +11,060 6,199,148 |  +12,613,472 7,567,681,680 |  $3.2K  -  $50.5K | 
 | 2016-04-30  | Sat  | +13,574 6,212,722 |  +13,782,542 7,581,464,222 |  $3.4K  -  $55.1K | 
 | 2016-05-01  | Sun  | +14,196 6,226,918 |  +14,469,175 7,595,933,397 |  $3.6K  -  $57.9K | 
 | 2016-05-02  | Mon  | +12,817 6,239,735 |  +14,088,723 7,610,022,120 |  $3.5K  -  $56.4K | 
 | 2016-05-03  | Tue  | +11,527 6,251,262 |  +14,313,828 7,624,335,948 |  $3.6K  -  $57.3K | 
 | 2016-05-04  | Wed  | +10,526 6,261,788 |  +14,930,093 7,639,266,041 |  $3.7K  -  $59.7K | 
 | 2016-05-05  | Thu  | +10,288 6,272,076 |  +13,480,716 7,652,746,757 |  $3.4K  -  $53.9K | 
 | 2016-05-06  | Fri  | +9,908 6,281,984 |  +13,625,059 7,666,371,816 |  $3.4K  -  $54.5K | 
 | 2016-05-07  | Sat  | +9,356 6,291,340 |  +12,890,538 7,679,262,354 |  $3.2K  -  $51.6K | 
 | 2016-05-08  | Sun  | +10,580 6,301,920 |  +13,682,582 7,692,944,936 |  $3.4K  -  $54.7K | 
 | 2016-05-09  | Mon  | +8,981 6,310,901 |  +15,454,974 7,708,399,910 |  $3.9K  -  $61.8K | 
 | 2016-05-10  | Tue  | +10,647 6,321,548 |  -- 7,708,399,910 |  $0  -  $0 | 
 | 2016-05-11  | Wed  | +10,821 6,332,369 |  +25,792,592 7,734,192,502 |  $6.4K  -  $103.2K | 
 | 2016-05-12  | Thu  | +10,975 6,343,344 |  +12,811,129 7,747,003,631 |  $3.2K  -  $51.2K | 
 | 2016-05-13  | Fri  | +10,547 6,353,891 |  +12,848,264 7,759,851,895 |  $3.2K  -  $51.4K | 
 | 2016-05-14  | Sat  | +12,468 6,366,359 |  +12,059,397 7,771,911,292 |  $3K  -  $48.2K | 
 | 2016-05-15  | Sun  | +12,260 6,378,619 |  +12,624,325 7,784,535,617 |  $3.2K  -  $50.5K | 