 | 2016-04-17  | Sun  | +10,918 3,192,825 |  +5,049,271 1,686,833,729 |  $1.3K  -  $20.2K | 
 | 2016-04-18  | Mon  | +6,881 3,199,706 |  +6,114,537 1,692,948,266 |  $1.5K  -  $24.5K | 
 | 2016-04-19  | Tue  | +6,529 3,206,235 |  +4,911,464 1,697,859,730 |  $1.2K  -  $19.6K | 
 | 2016-04-20  | Wed  | +6,967 3,213,202 |  +4,831,420 1,702,691,150 |  $1.2K  -  $19.3K | 
 | 2016-04-21  | Thu  | +6,862 3,220,064 |  +4,841,287 1,707,532,437 |  $1.2K  -  $19.4K | 
 | 2016-04-22  | Fri  | +28,364 3,248,428 |  +4,805,799 1,712,338,236 |  $1.2K  -  $19.2K | 
 | 2016-04-23  | Sat  | +26,940 3,275,368 |  +5,188,750 1,717,526,986 |  $1.3K  -  $20.8K | 
 | 2016-04-24  | Sun  | +22,223 3,297,591 |  +7,889,672 1,725,416,658 |  $2K  -  $31.6K | 
 | 2016-04-25  | Mon  | +14,361 3,311,952 |  +8,491,170 1,733,907,828 |  $2.1K  -  $34K | 
 | 2016-04-26  | Tue  | +14,983 3,326,935 |  +6,788,334 1,740,696,162 |  $1.7K  -  $27.2K | 
 | 2016-04-27  | Wed  | +12,789 3,339,724 |  +6,455,982 1,747,152,144 |  $1.6K  -  $25.8K | 
 | 2016-04-28  | Thu  | +11,767 3,351,491 |  +6,264,051 1,753,416,195 |  $1.6K  -  $25.1K | 
 | 2016-04-29  | Fri  | +11,736 3,363,227 |  +6,791,830 1,760,208,025 |  $1.7K  -  $27.2K | 
 | 2016-04-30  | Sat  | +11,513 3,374,740 |  +7,369,636 1,767,577,661 |  $1.8K  -  $29.5K | 
 | 2016-05-01  | Sun  | +10,793 3,385,533 |  +7,244,524 1,774,822,185 |  $1.8K  -  $29K | 
 | 2016-05-02  | Mon  | +9,070 3,394,603 |  +7,562,007 1,782,384,192 |  $1.9K  -  $30.2K | 
 | 2016-05-03  | Tue  | +9,665 3,404,268 |  +6,390,773 1,788,774,965 |  $1.6K  -  $25.6K | 
 | 2016-05-04  | Wed  | +9,522 3,413,790 |  +6,797,556 1,795,572,521 |  $1.7K  -  $27.2K | 
 | 2016-05-05  | Thu  | +11,570 3,425,360 |  +6,906,734 1,802,479,255 |  $1.7K  -  $27.6K | 
 | 2016-05-06  | Fri  | +11,061 3,436,421 |  +7,104,372 1,809,583,627 |  $1.8K  -  $28.4K | 
 | 2016-05-07  | Sat  | +12,239 3,448,660 |  +7,556,692 1,817,140,319 |  $1.9K  -  $30.2K | 
 | 2016-05-08  | Sun  | +11,025 3,459,685 |  +8,092,826 1,825,233,145 |  $2K  -  $32.4K | 
 | 2016-05-09  | Mon  | +9,886 3,469,571 |  -- 1,825,233,145 |  $0  -  $0 | 
 | 2016-05-10  | Tue  | +10,801 3,480,372 |  +16,196,857 1,841,430,002 |  $4K  -  $64.8K | 
 | 2016-05-11  | Wed  | +10,047 3,490,419 |  +7,270,775 1,848,700,777 |  $1.8K  -  $29.1K | 
 | 2016-05-12  | Thu  | +9,772 3,500,191 |  +7,679,045 1,856,379,822 |  $1.9K  -  $30.7K | 
 | 2016-05-13  | Fri  | +11,377 3,511,568 |  +6,988,551 1,863,368,373 |  $1.7K  -  $28K | 
 | 2016-05-14  | Sat  | +12,494 3,524,062 |  +6,730,492 1,870,098,865 |  $1.7K  -  $26.9K | 
 | 2016-05-15  | Sun  | +11,186 3,535,248 |  +7,495,396 1,877,594,261 |  $1.9K  -  $30K | 