 | 2016-04-17  | Sun  | +18,722 12,416,057 |  +6,580,390 4,541,194,352 |  $1.6K  -  $26.3K | 
 | 2016-04-18  | Mon  | +14,494 12,430,551 |  +8,430,770 4,549,625,122 |  $2.1K  -  $33.7K | 
 | 2016-04-19  | Tue  | +16,387 12,446,938 |  +8,873,524 4,558,498,646 |  $2.2K  -  $35.5K | 
 | 2016-04-20  | Wed  | +9,625 12,456,563 |  +7,209,612 4,565,708,258 |  $1.8K  -  $28.8K | 
 | 2016-04-21  | Thu  | +9,519 12,466,082 |  +6,648,477 4,572,356,735 |  $1.7K  -  $26.6K | 
 | 2016-04-22  | Fri  | +11,330 12,477,412 |  +5,920,035 4,578,276,770 |  $1.5K  -  $23.7K | 
 | 2016-04-23  | Sat  | +13,151 12,490,563 |  +6,088,306 4,584,365,076 |  $1.5K  -  $24.4K | 
 | 2016-04-24  | Sun  | +14,715 12,505,278 |  +6,409,053 4,590,774,129 |  $1.6K  -  $25.6K | 
 | 2016-04-25  | Mon  | +9,642 12,514,920 |  +7,017,992 4,597,792,121 |  $1.8K  -  $28.1K | 
 | 2016-04-26  | Tue  | +12,623 12,527,543 |  +7,902,716 4,605,694,837 |  $2K  -  $31.6K | 
 | 2016-04-27  | Wed  | +13,011 12,540,554 |  +6,134,774 4,611,829,611 |  $1.5K  -  $24.5K | 
 | 2016-04-28  | Thu  | +6,799 12,547,353 |  +5,760,334 4,617,589,945 |  $1.4K  -  $23K | 
 | 2016-04-29  | Fri  | +13,114 12,560,467 |  +5,340,790 4,622,930,735 |  $1.3K  -  $21.4K | 
 | 2016-04-30  | Sat  | +17,386 12,577,853 |  +5,612,401 4,628,543,136 |  $1.4K  -  $22.4K | 
 | 2016-05-01  | Sun  | +17,854 12,595,707 |  +6,113,967 4,634,657,103 |  $1.5K  -  $24.5K | 
 | 2016-05-02  | Mon  | +13,614 12,609,321 |  +7,310,583 4,641,967,686 |  $1.8K  -  $29.2K | 
 | 2016-05-03  | Tue  | +11,758 12,621,079 |  +7,560,689 4,649,528,375 |  $1.9K  -  $30.2K | 
 | 2016-05-04  | Wed  | +12,727 12,633,806 |  +6,366,593 4,655,894,968 |  $1.6K  -  $25.5K | 
 | 2016-05-05  | Thu  | +13,436 12,647,242 |  +6,144,195 4,662,039,163 |  $1.5K  -  $24.6K | 
 | 2016-05-06  | Fri  | +14,883 12,662,125 |  +6,211,558 4,668,250,721 |  $1.6K  -  $24.8K | 
 | 2016-05-07  | Sat  | +18,710 12,680,835 |  +5,897,721 4,674,148,442 |  $1.5K  -  $23.6K | 
 | 2016-05-08  | Sun  | +22,037 12,702,872 |  +6,107,596 4,680,256,038 |  $1.5K  -  $24.4K | 
 | 2016-05-09  | Mon  | +16,946 12,719,818 |  +7,471,108 4,687,727,146 |  $1.9K  -  $29.9K | 
 | 2016-05-10  | Tue  | +15,221 12,735,039 |  +7,881,676 4,695,608,822 |  $2K  -  $31.5K | 
 | 2016-05-11  | Wed  | +12,273 12,747,312 |  +6,721,597 4,702,330,419 |  $1.7K  -  $26.9K | 
 | 2016-05-12  | Thu  | +12,328 12,759,640 |  +6,778,840 4,709,109,259 |  $1.7K  -  $27.1K | 
 | 2016-05-13  | Fri  | +13,503 12,773,143 |  -- 4,709,109,259 |  $0  -  $0 | 
 | 2016-05-14  | Sat  | +17,199 12,790,342 |  +11,641,990 4,720,751,249 |  $2.9K  -  $46.6K | 
 | 2016-05-15  | Sun  | +23,932 12,814,274 |  +6,371,595 4,727,122,844 |  $1.6K  -  $25.5K | 