 | 2016-04-17  | Sun  | +9,489 5,975,945 |  +11,678,671 7,569,691,755 |  $2.9K  -  $46.7K | 
 | 2016-04-18  | Mon  | +8,481 5,984,426 |  +12,739,873 7,582,431,628 |  $3.2K  -  $51K | 
 | 2016-04-19  | Tue  | +7,902 5,992,328 |  +11,624,519 7,594,056,147 |  $2.9K  -  $46.5K | 
 | 2016-04-20  | Wed  | +8,006 6,000,334 |  +11,149,417 7,605,205,564 |  $2.8K  -  $44.6K | 
 | 2016-04-21  | Thu  | +8,002 6,008,336 |  +10,857,306 7,616,062,870 |  $2.7K  -  $43.4K | 
 | 2016-04-22  | Fri  | +13,698 6,022,034 |  +11,055,766 7,627,118,636 |  $2.8K  -  $44.2K | 
 | 2016-04-23  | Sat  | +17,996 6,040,030 |  +11,280,172 7,638,398,808 |  $2.8K  -  $45.1K | 
 | 2016-04-24  | Sun  | +13,747 6,053,777 |  +16,553,530 7,654,952,338 |  $4.1K  -  $66.2K | 
 | 2016-04-25  | Mon  | +10,072 6,063,849 |  +16,643,503 7,671,595,841 |  $4.2K  -  $66.6K | 
 | 2016-04-26  | Tue  | +9,613 6,073,462 |  +13,822,420 7,685,418,261 |  $3.5K  -  $55.3K | 
 | 2016-04-27  | Wed  | +9,451 6,082,913 |  +13,018,218 7,698,436,479 |  $3.3K  -  $52.1K | 
 | 2016-04-28  | Thu  | +8,835 6,091,748 |  +12,789,398 7,711,225,877 |  $3.2K  -  $51.2K | 
 | 2016-04-29  | Fri  | +8,255 6,100,003 |  +12,539,151 7,723,765,028 |  $3.1K  -  $50.2K | 
 | 2016-04-30  | Sat  | +8,901 6,108,904 |  +12,094,745 7,735,859,773 |  $3K  -  $48.4K | 
 | 2016-05-01  | Sun  | +8,768 6,117,672 |  +11,915,932 7,747,775,705 |  $3K  -  $47.7K | 
 | 2016-05-02  | Mon  | +8,483 6,126,155 |  +11,531,297 7,759,307,002 |  $2.9K  -  $46.1K | 
 | 2016-05-03  | Tue  | +8,071 6,134,226 |  +10,772,648 7,770,079,650 |  $2.7K  -  $43.1K | 
 | 2016-05-04  | Wed  | +7,562 6,141,788 |  +10,976,231 7,781,055,881 |  $2.7K  -  $43.9K | 
 | 2016-05-05  | Thu  | +6,279 6,148,067 |  +10,886,455 7,791,942,336 |  $2.7K  -  $43.5K | 
 | 2016-05-06  | Fri  | +7,199 6,155,266 |  +11,100,169 7,803,042,505 |  $2.8K  -  $44.4K | 
 | 2016-05-07  | Sat  | +8,897 6,164,163 |  +11,359,788 7,814,402,293 |  $2.8K  -  $45.4K | 
 | 2016-05-08  | Sun  | +8,912 6,173,075 |  +12,572,318 7,826,974,611 |  $3.1K  -  $50.3K | 
 | 2016-05-09  | Mon  | +7,366 6,180,441 |  +12,473,351 7,839,447,962 |  $3.1K  -  $49.9K | 
 | 2016-05-10  | Tue  | +6,382 6,186,823 |  +11,429,635 7,850,877,597 |  $2.9K  -  $45.7K | 
 | 2016-05-11  | Wed  | +7,872 6,194,695 |  +10,481,806 7,861,359,403 |  $2.6K  -  $41.9K | 
 | 2016-05-12  | Thu  | +7,377 6,202,072 |  +11,667,862 7,873,027,265 |  $2.9K  -  $46.7K | 
 | 2016-05-13  | Fri  | +6,472 6,208,544 |  +10,869,939 7,883,897,204 |  $2.7K  -  $43.5K | 
 | 2016-05-14  | Sat  | +8,278 6,216,822 |  +10,372,765 7,894,269,969 |  $2.6K  -  $41.5K | 
 | 2016-05-15  | Sun  | +8,057 6,224,879 |  +11,086,048 7,905,356,017 |  $2.8K  -  $44.3K | 