 | 2016-04-17  | Sun  | +6,971 3,902,459 |  +6,741,358 4,023,360,700 |  $1.7K  -  $27K | 
 | 2016-04-18  | Mon  | +7,928 3,910,387 |  +7,720,412 4,031,081,112 |  $1.9K  -  $30.9K | 
 | 2016-04-19  | Tue  | +5,828 3,916,215 |  +7,605,906 4,038,687,018 |  $1.9K  -  $30.4K | 
 | 2016-04-20  | Wed  | +7,600 3,923,815 |  +6,999,320 4,045,686,338 |  $1.7K  -  $28K | 
 | 2016-04-21  | Thu  | +7,967 3,931,782 |  +6,544,330 4,052,230,668 |  $1.6K  -  $26.2K | 
 | 2016-04-22  | Fri  | +8,508 3,940,290 |  +8,494,024 4,060,724,692 |  $2.1K  -  $34K | 
 | 2016-04-23  | Sat  | +8,657 3,948,947 |  +8,241,841 4,068,966,533 |  $2.1K  -  $33K | 
 | 2016-04-24  | Sun  | +7,702 3,956,649 |  +9,265,188 4,078,231,721 |  $2.3K  -  $37.1K | 
 | 2016-04-25  | Mon  | +6,724 3,963,373 |  +9,299,670 4,087,531,391 |  $2.3K  -  $37.2K | 
 | 2016-04-26  | Tue  | +7,363 3,970,736 |  -- 4,087,531,391 |  $0  -  $0 | 
 | 2016-04-27  | Wed  | +7,288 3,978,024 |  +16,353,149 4,103,884,540 |  $4.1K  -  $65.4K | 
 | 2016-04-28  | Thu  | +8,617 3,986,641 |  +8,143,160 4,112,027,700 |  $2K  -  $32.6K | 
 | 2016-04-29  | Fri  | +9,149 3,995,790 |  +8,019,124 4,120,046,824 |  $2K  -  $32.1K | 
 | 2016-04-30  | Sat  | +8,804 4,004,594 |  +8,689,953 4,128,736,777 |  $2.2K  -  $34.8K | 
 | 2016-05-01  | Sun  | +9,113 4,013,707 |  +9,479,798 4,138,216,575 |  $2.4K  -  $37.9K | 
 | 2016-05-02  | Mon  | +7,105 4,020,812 |  +9,158,922 4,147,375,497 |  $2.3K  -  $36.6K | 
 | 2016-05-03  | Tue  | +7,274 4,028,086 |  +9,047,756 4,156,423,253 |  $2.3K  -  $36.2K | 
 | 2016-05-04  | Wed  | +6,828 4,034,914 |  +7,843,832 4,164,267,085 |  $2K  -  $31.4K | 
 | 2016-05-05  | Thu  | +7,196 4,042,110 |  +8,013,071 4,172,280,156 |  $2K  -  $32.1K | 
 | 2016-05-06  | Fri  | +6,680 4,048,790 |  +8,041,730 4,180,321,886 |  $2K  -  $32.2K | 
 | 2016-05-07  | Sat  | +7,663 4,056,453 |  +8,241,874 4,188,563,760 |  $2.1K  -  $33K | 
 | 2016-05-08  | Sun  | +9,257 4,065,710 |  +8,283,103 4,196,846,863 |  $2.1K  -  $33.1K | 
 | 2016-05-09  | Mon  | +7,432 4,073,142 |  +8,927,661 4,205,774,524 |  $2.2K  -  $35.7K | 
 | 2016-05-10  | Tue  | +12,709 4,085,851 |  +10,125,307 4,215,899,831 |  $2.5K  -  $40.5K | 
 | 2016-05-11  | Wed  | +9,008 4,094,859 |  +7,696,051 4,223,595,882 |  $1.9K  -  $30.8K | 
 | 2016-05-12  | Thu  | +8,961 4,103,820 |  +10,161,101 4,233,756,983 |  $2.5K  -  $40.6K | 
 | 2016-05-13  | Fri  | +8,230 4,112,050 |  +8,303,431 4,242,060,414 |  $2.1K  -  $33.2K | 
 | 2016-05-14  | Sat  | +9,665 4,121,715 |  +7,995,375 4,250,055,789 |  $2K  -  $32K | 
 | 2016-05-15  | Sun  | +9,252 4,130,967 |  +8,362,626 4,258,418,415 |  $2.1K  -  $33.5K | 