 | 2016-04-17  | Sun  | +3,601 9,050,312 |  +8,989,215 5,891,592,965 |  $2.2K  -  $36K | 
 | 2016-04-18  | Mon  | +4,656 9,054,968 |  +7,821,853 5,899,414,818 |  $2K  -  $31.3K | 
 | 2016-04-19  | Tue  | +4,802 9,059,770 |  +6,393,027 5,905,807,845 |  $1.6K  -  $25.6K | 
 | 2016-04-20  | Wed  | +3,991 9,063,761 |  +5,319,776 5,911,127,621 |  $1.3K  -  $21.3K | 
 | 2016-04-21  | Thu  | +4,765 9,068,526 |  +5,595,446 5,916,723,067 |  $1.4K  -  $22.4K | 
 | 2016-04-22  | Fri  | +5,705 9,074,231 |  +6,384,371 5,923,107,438 |  $1.6K  -  $25.5K | 
 | 2016-04-23  | Sat  | +7,715 9,081,946 |  +6,555,943 5,929,663,381 |  $1.6K  -  $26.2K | 
 | 2016-04-24  | Sun  | +4,516 9,086,462 |  +6,694,124 5,936,357,505 |  $1.7K  -  $26.8K | 
 | 2016-04-25  | Mon  | +5,179 9,091,641 |  +7,085,108 5,943,442,613 |  $1.8K  -  $28.3K | 
 | 2016-04-26  | Tue  | +5,073 9,096,714 |  +4,564,796 5,948,007,409 |  $1.1K  -  $18.3K | 
 | 2016-04-27  | Wed  | +6,631 9,103,345 |  +5,886,319 5,953,893,728 |  $1.5K  -  $23.5K | 
 | 2016-04-28  | Thu  | +3,678 9,107,023 |  +5,480,407 5,959,374,135 |  $1.4K  -  $21.9K | 
 | 2016-04-29  | Fri  | +6,431 9,113,454 |  +4,678,833 5,964,052,968 |  $1.2K  -  $18.7K | 
 | 2016-04-30  | Sat  | +6,963 9,120,417 |  +5,615,820 5,969,668,788 |  $1.4K  -  $22.5K | 
 | 2016-05-01  | Sun  | +7,586 9,128,003 |  +6,481,310 5,976,150,098 |  $1.6K  -  $25.9K | 
 | 2016-05-02  | Mon  | +5,802 9,133,805 |  +6,816,639 5,982,966,737 |  $1.7K  -  $27.3K | 
 | 2016-05-03  | Tue  | +4,496 9,138,301 |  +6,611,342 5,989,578,079 |  $1.7K  -  $26.4K | 
 | 2016-05-04  | Wed  | +4,750 9,143,051 |  +5,421,606 5,994,999,685 |  $1.4K  -  $21.7K | 
 | 2016-05-05  | Thu  | +5,379 9,148,430 |  +5,846,472 6,000,846,157 |  $1.5K  -  $23.4K | 
 | 2016-05-06  | Fri  | +5,796 9,154,226 |  +5,602,058 6,006,448,215 |  $1.4K  -  $22.4K | 
 | 2016-05-07  | Sat  | +5,955 9,160,181 |  +5,719,779 6,012,167,994 |  $1.4K  -  $22.9K | 
 | 2016-05-08  | Sun  | +5,876 9,166,057 |  +6,161,096 6,018,329,090 |  $1.5K  -  $24.6K | 
 | 2016-05-09  | Mon  | +4,537 9,170,594 |  +6,269,066 6,024,598,156 |  $1.6K  -  $25.1K | 
 | 2016-05-10  | Tue  | +5,243 9,175,837 |  +5,812,433 6,030,410,589 |  $1.5K  -  $23.2K | 
 | 2016-05-11  | Wed  | +4,890 9,180,727 |  +4,889,166 6,035,299,755 |  $1.2K  -  $19.6K | 
 | 2016-05-12  | Thu  | +7,671 9,188,398 |  +4,983,801 6,040,283,556 |  $1.2K  -  $19.9K | 
 | 2016-05-13  | Fri  | +8,052 9,196,450 |  +5,926,358 6,046,209,914 |  $1.5K  -  $23.7K | 
 | 2016-05-14  | Sat  | +8,036 9,204,486 |  +7,695,607 6,053,905,521 |  $1.9K  -  $30.8K | 
 | 2016-05-15  | Sun  | +7,285 9,211,771 |  +7,401,500 6,061,307,021 |  $1.9K  -  $29.6K | 