 | 2016-04-17  | Sun  | +6,819 2,781,381 |  +17,091,309 6,447,996,566 |  $4.3K  -  $68.4K | 
 | 2016-04-18  | Mon  | +5,439 2,786,820 |  +18,337,746 6,466,334,312 |  $4.6K  -  $73.4K | 
 | 2016-04-19  | Tue  | +5,818 2,792,638 |  +16,891,668 6,483,225,980 |  $4.2K  -  $67.6K | 
 | 2016-04-20  | Wed  | +5,760 2,798,398 |  +17,058,751 6,500,284,731 |  $4.3K  -  $68.2K | 
 | 2016-04-21  | Thu  | +6,311 2,804,709 |  +17,987,438 6,518,272,169 |  $4.5K  -  $71.9K | 
 | 2016-04-22  | Fri  | +6,062 2,810,771 |  +17,324,257 6,535,596,426 |  $4.3K  -  $69.3K | 
 | 2016-04-23  | Sat  | +7,201 2,817,972 |  +17,743,781 6,553,340,207 |  $4.4K  -  $71K | 
 | 2016-04-24  | Sun  | +7,104 2,825,076 |  +17,456,763 6,570,796,970 |  $4.4K  -  $69.8K | 
 | 2016-04-25  | Mon  | +5,292 2,830,368 |  +17,900,005 6,588,696,975 |  $4.5K  -  $71.6K | 
 | 2016-04-26  | Tue  | +5,955 2,836,323 |  +16,234,214 6,604,931,189 |  $4.1K  -  $64.9K | 
 | 2016-04-27  | Wed  | +5,455 2,841,778 |  +16,881,359 6,621,812,548 |  $4.2K  -  $67.5K | 
 | 2016-04-28  | Thu  | +5,678 2,847,456 |  +17,037,108 6,638,849,656 |  $4.3K  -  $68.1K | 
 | 2016-04-29  | Fri  | +5,225 2,852,681 |  +17,418,261 6,656,267,917 |  $4.4K  -  $69.7K | 
 | 2016-04-30  | Sat  | +6,966 2,859,647 |  +17,735,362 6,674,003,279 |  $4.4K  -  $70.9K | 
 | 2016-05-01  | Sun  | +6,658 2,866,305 |  +16,301,716 6,690,304,995 |  $4.1K  -  $65.2K | 
 | 2016-05-02  | Mon  | +4,830 2,871,135 |  +18,319,362 6,708,624,357 |  $4.6K  -  $73.3K | 
 | 2016-05-03  | Tue  | +5,102 2,876,237 |  +16,455,189 6,725,079,546 |  $4.1K  -  $65.8K | 
 | 2016-05-04  | Wed  | +5,921 2,882,158 |  +16,094,695 6,741,174,241 |  $4K  -  $64.4K | 
 | 2016-05-05  | Thu  | +5,950 2,888,108 |  +15,559,921 6,756,734,162 |  $3.9K  -  $62.2K | 
 | 2016-05-06  | Fri  | +6,013 2,894,121 |  +17,871,540 6,774,605,702 |  $4.5K  -  $71.5K | 
 | 2016-05-07  | Sat  | +7,345 2,901,466 |  +17,808,055 6,792,413,757 |  $4.5K  -  $71.2K | 
 | 2016-05-08  | Sun  | +6,745 2,908,211 |  +17,587,599 6,810,001,356 |  $4.4K  -  $70.4K | 
 | 2016-05-09  | Mon  | +5,150 2,913,361 |  +18,235,543 6,828,236,899 |  $4.6K  -  $72.9K | 
 | 2016-05-10  | Tue  | +6,012 2,919,373 |  +15,961,972 6,844,198,871 |  $4K  -  $63.8K | 
 | 2016-05-11  | Wed  | +6,683 2,926,056 |  +16,662,657 6,860,861,528 |  $4.2K  -  $66.7K | 
 | 2016-05-12  | Thu  | +6,380 2,932,436 |  +17,659,826 6,878,521,354 |  $4.4K  -  $70.6K | 
 | 2016-05-13  | Fri  | +6,441 2,938,877 |  +17,812,599 6,896,333,953 |  $4.5K  -  $71.3K | 
 | 2016-05-14  | Sat  | +8,425 2,947,302 |  +17,177,435 6,913,511,388 |  $4.3K  -  $68.7K | 
 | 2016-05-15  | Sun  | +7,484 2,954,786 |  +15,696,176 6,929,207,564 |  $3.9K  -  $62.8K | 