 | 2016-04-17  | Sun  | +18,378 43,367,009 |  +8,696,696 11,818,455,125 |  $2.2K  -  $34.8K | 
 | 2016-04-18  | Mon  | +13,788 43,380,797 |  +9,804,751 11,828,259,876 |  $2.5K  -  $39.2K | 
 | 2016-04-19  | Tue  | +25,697 43,406,494 |  +11,592,154 11,839,852,030 |  $2.9K  -  $46.4K | 
 | 2016-04-20  | Wed  | +16,501 43,422,995 |  +8,195,871 11,848,047,901 |  $2K  -  $32.8K | 
 | 2016-04-21  | Thu  | +16,795 43,439,790 |  +10,061,328 11,858,109,229 |  $2.5K  -  $40.2K | 
 | 2016-04-22  | Fri  | +22,642 43,462,432 |  +8,677,805 11,866,787,034 |  $2.2K  -  $34.7K | 
 | 2016-04-23  | Sat  | +27,467 43,489,899 |  +9,264,566 11,876,051,600 |  $2.3K  -  $37.1K | 
 | 2016-04-24  | Sun  | +25,222 43,515,121 |  +9,861,794 11,885,913,394 |  $2.5K  -  $39.4K | 
 | 2016-04-25  | Mon  | +22,529 43,537,650 |  +10,762,041 11,896,675,435 |  $2.7K  -  $43K | 
 | 2016-04-26  | Tue  | +24,149 43,561,799 |  +14,452,613 11,911,128,048 |  $3.6K  -  $57.8K | 
 | 2016-04-27  | Wed  | +31,499 43,593,298 |  +1,355,212 11,912,483,260 |  $339  -  $5.4K | 
 | 2016-04-28  | Thu  | +14,163 43,607,461 |  +9,897,914 11,922,381,174 |  $2.5K  -  $39.6K | 
 | 2016-04-29  | Fri  | +26,054 43,633,515 |  +8,909,506 11,931,290,680 |  $2.2K  -  $35.6K | 
 | 2016-04-30  | Sat  | +31,968 43,665,483 |  +8,796,635 11,940,087,315 |  $2.2K  -  $35.2K | 
 | 2016-05-01  | Sun  | +36,145 43,701,628 |  +8,773,611 11,948,860,926 |  $2.2K  -  $35.1K | 
 | 2016-05-02  | Mon  | +24,667 43,726,295 |  +11,087,088 11,959,948,014 |  $2.8K  -  $44.3K | 
 | 2016-05-03  | Tue  | +19,520 43,745,815 |  +12,345,467 11,972,293,481 |  $3.1K  -  $49.4K | 
 | 2016-05-04  | Wed  | +24,293 43,770,108 |  +9,703,096 11,981,996,577 |  $2.4K  -  $38.8K | 
 | 2016-05-05  | Thu  | +33,765 43,803,873 |  +8,063,661 11,990,060,238 |  $2K  -  $32.3K | 
 | 2016-05-06  | Fri  | +32,933 43,836,806 |  +8,570,743 11,998,630,981 |  $2.1K  -  $34.3K | 
 | 2016-05-07  | Sat  | +33,659 43,870,465 |  +8,662,889 12,007,293,870 |  $2.2K  -  $34.7K | 
 | 2016-05-08  | Sun  | +51,704 43,922,169 |  +8,834,663 12,016,128,533 |  $2.2K  -  $35.3K | 
 | 2016-05-09  | Mon  | +77,988 44,000,157 |  +9,272,012 12,025,400,545 |  $2.3K  -  $37.1K | 
 | 2016-05-10  | Tue  | +47,926 44,048,083 |  +12,362,905 12,037,763,450 |  $3.1K  -  $49.5K | 
 | 2016-05-11  | Wed  | +46,140 44,094,223 |  +10,219,587 12,047,983,037 |  $2.6K  -  $40.9K | 
 | 2016-05-12  | Thu  | +32,600 44,126,823 |  +9,896,417 12,057,879,454 |  $2.5K  -  $39.6K | 
 | 2016-05-13  | Fri  | +28,898 44,155,721 |  -- 12,057,879,454 |  $0  -  $0 | 
 | 2016-05-14  | Sat  | +33,042 44,188,763 |  +18,155,092 12,076,034,546 |  $4.5K  -  $72.6K | 
 | 2016-05-15  | Sun  | +18,370 44,207,133 |  +9,102,911 12,085,137,457 |  $2.3K  -  $36.4K | 