 | 2016-04-17  | Sun  | +7,596 7,535,934 |  +7,344,900 5,378,675,147 |  $1.8K  -  $29.4K | 
 | 2016-04-18  | Mon  | +7,240 7,543,174 |  +9,673,175 5,388,348,322 |  $2.4K  -  $38.7K | 
 | 2016-04-19  | Tue  | +7,330 7,550,504 |  +9,160,844 5,397,509,166 |  $2.3K  -  $36.6K | 
 | 2016-04-20  | Wed  | +5,880 7,556,384 |  +7,004,330 5,404,513,496 |  $1.8K  -  $28K | 
 | 2016-04-21  | Thu  | +4,863 7,561,247 |  +6,451,411 5,410,964,907 |  $1.6K  -  $25.8K | 
 | 2016-04-22  | Fri  | +6,235 7,567,482 |  +6,041,307 5,417,006,214 |  $1.5K  -  $24.2K | 
 | 2016-04-23  | Sat  | +10,389 7,577,871 |  +6,318,600 5,423,324,814 |  $1.6K  -  $25.3K | 
 | 2016-04-24  | Sun  | +9,336 7,587,207 |  +7,329,471 5,430,654,285 |  $1.8K  -  $29.3K | 
 | 2016-04-25  | Mon  | +7,436 7,594,643 |  +9,260,772 5,439,915,057 |  $2.3K  -  $37K | 
 | 2016-04-26  | Tue  | +6,498 7,601,141 |  +9,087,797 5,449,002,854 |  $2.3K  -  $36.4K | 
 | 2016-04-27  | Wed  | +6,672 7,607,813 |  +6,208,534 5,455,211,388 |  $1.6K  -  $24.8K | 
 | 2016-04-28  | Thu  | +4,543 7,612,356 |  +5,471,076 5,460,682,464 |  $1.4K  -  $21.9K | 
 | 2016-04-29  | Fri  | +6,917 7,619,273 |  +5,559,455 5,466,241,919 |  $1.4K  -  $22.2K | 
 | 2016-04-30  | Sat  | +11,103 7,630,376 |  +5,221,284 5,471,463,203 |  $1.3K  -  $20.9K | 
 | 2016-05-01  | Sun  | +11,334 7,641,710 |  +6,869,206 5,478,332,409 |  $1.7K  -  $27.5K | 
 | 2016-05-02  | Mon  | +9,058 7,650,768 |  +9,108,574 5,487,440,983 |  $2.3K  -  $36.4K | 
 | 2016-05-03  | Tue  | +7,801 7,658,569 |  +8,952,433 5,496,393,416 |  $2.2K  -  $35.8K | 
 | 2016-05-04  | Wed  | +6,815 7,665,384 |  +7,299,067 5,503,692,483 |  $1.8K  -  $29.2K | 
 | 2016-05-05  | Thu  | +6,415 7,671,799 |  +6,258,440 5,509,950,923 |  $1.6K  -  $25K | 
 | 2016-05-06  | Fri  | +7,499 7,679,298 |  +6,619,455 5,516,570,378 |  $1.7K  -  $26.5K | 
 | 2016-05-07  | Sat  | +10,898 7,690,196 |  +6,305,942 5,522,876,320 |  $1.6K  -  $25.2K | 
 | 2016-05-08  | Sun  | +10,912 7,701,108 |  +7,624,921 5,530,501,241 |  $1.9K  -  $30.5K | 
 | 2016-05-09  | Mon  | +7,054 7,708,162 |  +9,605,607 5,540,106,848 |  $2.4K  -  $38.4K | 
 | 2016-05-10  | Tue  | +6,282 7,714,444 |  +8,647,013 5,548,753,861 |  $2.2K  -  $34.6K | 
 | 2016-05-11  | Wed  | +7,297 7,721,741 |  +6,129,739 5,554,883,600 |  $1.5K  -  $24.5K | 
 | 2016-05-12  | Thu  | +6,446 7,728,187 |  +5,754,449 5,560,638,049 |  $1.4K  -  $23K | 
 | 2016-05-13  | Fri  | +7,327 7,735,514 |  +6,260,606 5,566,898,655 |  $1.6K  -  $25K | 
 | 2016-05-14  | Sat  | +10,914 7,746,428 |  +5,913,325 5,572,811,980 |  $1.5K  -  $23.7K | 
 | 2016-05-15  | Sun  | +9,738 7,756,166 |  +6,927,141 5,579,739,121 |  $1.7K  -  $27.7K | 