 | 2016-04-17  | Sun  | +22,163 20,352,226 |  +10,108,559 8,618,207,946 |  $2.5K  -  $40.4K | 
 | 2016-04-18  | Mon  | +19,196 20,371,422 |  +11,257,755 8,629,465,701 |  $2.8K  -  $45K | 
 | 2016-04-19  | Tue  | +20,105 20,391,527 |  +9,290,595 8,638,756,296 |  $2.3K  -  $37.2K | 
 | 2016-04-20  | Wed  | +41,527 20,433,054 |  +9,323,100 8,648,079,396 |  $2.3K  -  $37.3K | 
 | 2016-04-21  | Thu  | +37,625 20,470,679 |  +9,555,291 8,657,634,687 |  $2.4K  -  $38.2K | 
 | 2016-04-22  | Fri  | +33,169 20,503,848 |  +14,351,500 8,671,986,187 |  $3.6K  -  $57.4K | 
 | 2016-04-23  | Sat  | +35,139 20,538,987 |  +14,223,481 8,686,209,668 |  $3.6K  -  $56.9K | 
 | 2016-04-24  | Sun  | +26,211 20,565,198 |  +13,312,306 8,699,521,974 |  $3.3K  -  $53.2K | 
 | 2016-04-25  | Mon  | +22,024 20,587,222 |  +13,399,263 8,712,921,237 |  $3.3K  -  $53.6K | 
 | 2016-04-26  | Tue  | +24,387 20,611,609 |  +10,653,125 8,723,574,362 |  $2.7K  -  $42.6K | 
 | 2016-04-27  | Wed  | +22,122 20,633,731 |  +10,578,817 8,734,153,179 |  $2.6K  -  $42.3K | 
 | 2016-04-28  | Thu  | +20,735 20,654,466 |  +10,281,477 8,744,434,656 |  $2.6K  -  $41.1K | 
 | 2016-04-29  | Fri  | +24,654 20,679,120 |  +10,242,695 8,754,677,351 |  $2.6K  -  $41K | 
 | 2016-04-30  | Sat  | +27,858 20,706,978 |  +10,300,388 8,764,977,739 |  $2.6K  -  $41.2K | 
 | 2016-05-01  | Sun  | +25,476 20,732,454 |  +10,979,436 8,775,957,175 |  $2.7K  -  $43.9K | 
 | 2016-05-02  | Mon  | +21,832 20,754,286 |  +11,797,883 8,787,755,058 |  $2.9K  -  $47.2K | 
 | 2016-05-03  | Tue  | +21,403 20,775,689 |  +9,618,064 8,797,373,122 |  $2.4K  -  $38.5K | 
 | 2016-05-04  | Wed  | +22,246 20,797,935 |  +9,188,824 8,806,561,946 |  $2.3K  -  $36.8K | 
 | 2016-05-05  | Thu  | +24,020 20,821,955 |  +9,030,833 8,815,592,779 |  $2.3K  -  $36.1K | 
 | 2016-05-06  | Fri  | +24,411 20,846,366 |  +9,419,030 8,825,011,809 |  $2.4K  -  $37.7K | 
 | 2016-05-07  | Sat  | +25,913 20,872,279 |  +10,066,235 8,835,078,044 |  $2.5K  -  $40.3K | 
 | 2016-05-08  | Sun  | +21,509 20,893,788 |  +10,354,674 8,845,432,718 |  $2.6K  -  $41.4K | 
 | 2016-05-09  | Mon  | +19,561 20,913,349 |  +10,624,350 8,856,057,068 |  $2.7K  -  $42.5K | 
 | 2016-05-10  | Tue  | +20,174 20,933,523 |  -- 8,856,057,068 |  $0  -  $0 | 
 | 2016-05-11  | Wed  | +19,711 20,953,234 |  +17,681,706 8,873,738,774 |  $4.4K  -  $70.7K | 
 | 2016-05-12  | Thu  | +19,116 20,972,350 |  +8,916,982 8,882,655,756 |  $2.2K  -  $35.7K | 
 | 2016-05-13  | Fri  | +20,668 20,993,018 |  +9,012,089 8,891,667,845 |  $2.3K  -  $36K | 
 | 2016-05-14  | Sat  | +22,771 21,015,789 |  +8,987,114 8,900,654,959 |  $2.2K  -  $35.9K | 
 | 2016-05-15  | Sun  | +20,313 21,036,102 |  +9,595,212 8,910,250,171 |  $2.4K  -  $38.4K | 