 | 2016-04-17  | Sun  | +9,287 4,013,493 |  +6,527,470 3,103,799,905 |  $1.6K  -  $26.1K | 
 | 2016-04-18  | Mon  | +9,041 4,022,534 |  +6,613,962 3,110,413,867 |  $1.7K  -  $26.5K | 
 | 2016-04-19  | Tue  | +9,075 4,031,609 |  +6,556,251 3,116,970,118 |  $1.6K  -  $26.2K | 
 | 2016-04-20  | Wed  | +8,482 4,040,091 |  +6,594,459 3,123,564,577 |  $1.6K  -  $26.4K | 
 | 2016-04-21  | Thu  | +8,263 4,048,354 |  +6,524,751 3,130,089,328 |  $1.6K  -  $26.1K | 
 | 2016-04-22  | Fri  | +8,682 4,057,036 |  +6,584,151 3,136,673,479 |  $1.6K  -  $26.3K | 
 | 2016-04-23  | Sat  | +9,328 4,066,364 |  +6,780,433 3,143,453,912 |  $1.7K  -  $27.1K | 
 | 2016-04-24  | Sun  | +8,538 4,074,902 |  +7,128,820 3,150,582,732 |  $1.8K  -  $28.5K | 
 | 2016-04-25  | Mon  | +8,510 4,083,412 |  +6,947,021 3,157,529,753 |  $1.7K  -  $27.8K | 
 | 2016-04-26  | Tue  | +8,003 4,091,415 |  +6,447,974 3,163,977,727 |  $1.6K  -  $25.8K | 
 | 2016-04-27  | Wed  | +7,974 4,099,389 |  +6,547,810 3,170,525,537 |  $1.6K  -  $26.2K | 
 | 2016-04-28  | Thu  | +7,162 4,106,551 |  +6,399,157 3,176,924,694 |  $1.6K  -  $25.6K | 
 | 2016-04-29  | Fri  | +7,949 4,114,500 |  +6,313,362 3,183,238,056 |  $1.6K  -  $25.3K | 
 | 2016-04-30  | Sat  | +8,055 4,122,555 |  +6,138,723 3,189,376,779 |  $1.5K  -  $24.6K | 
 | 2016-05-01  | Sun  | +8,339 4,130,894 |  +6,234,854 3,195,611,633 |  $1.6K  -  $24.9K | 
 | 2016-05-02  | Mon  | +7,899 4,138,793 |  +6,178,238 3,201,789,871 |  $1.5K  -  $24.7K | 
 | 2016-05-03  | Tue  | +7,741 4,146,534 |  +5,959,656 3,207,749,527 |  $1.5K  -  $23.8K | 
 | 2016-05-04  | Wed  | +8,357 4,154,891 |  +5,808,121 3,213,557,648 |  $1.5K  -  $23.2K | 
 | 2016-05-05  | Thu  | +9,452 4,164,343 |  +6,084,304 3,219,641,952 |  $1.5K  -  $24.3K | 
 | 2016-05-06  | Fri  | +9,662 4,174,005 |  +6,820,230 3,226,462,182 |  $1.7K  -  $27.3K | 
 | 2016-05-07  | Sat  | +9,260 4,183,265 |  +7,099,702 3,233,561,884 |  $1.8K  -  $28.4K | 
 | 2016-05-08  | Sun  | +8,457 4,191,722 |  +7,189,856 3,240,751,740 |  $1.8K  -  $28.8K | 
 | 2016-05-09  | Mon  | +8,142 4,199,864 |  +6,937,483 3,247,689,223 |  $1.7K  -  $27.7K | 
 | 2016-05-10  | Tue  | +8,001 4,207,865 |  -- 3,247,689,223 |  $0  -  $0 | 
 | 2016-05-11  | Wed  | +7,622 4,215,487 |  +12,728,329 3,260,417,552 |  $3.2K  -  $50.9K | 
 | 2016-05-12  | Thu  | +7,622 4,223,109 |  +6,312,819 3,266,730,371 |  $1.6K  -  $25.3K | 
 | 2016-05-13  | Fri  | +8,786 4,231,895 |  +6,295,555 3,273,025,926 |  $1.6K  -  $25.2K | 
 | 2016-05-14  | Sat  | +10,304 4,242,199 |  +6,209,711 3,279,235,637 |  $1.6K  -  $24.8K | 
 | 2016-05-15  | Sun  | +9,104 4,251,303 |  +6,676,574 3,285,912,211 |  $1.7K  -  $26.7K | 