 | 2016-04-17  | Sun  | +6,125 4,612,465 |  +7,597,900 4,909,125,604 |  $1.9K  -  $30.4K | 
 | 2016-04-18  | Mon  | +4,958 4,617,423 |  +8,613,096 4,917,738,700 |  $2.2K  -  $34.5K | 
 | 2016-04-19  | Tue  | +7,586 4,625,009 |  +8,280,818 4,926,019,518 |  $2.1K  -  $33.1K | 
 | 2016-04-20  | Wed  | +9,964 4,634,973 |  +6,683,808 4,932,703,326 |  $1.7K  -  $26.7K | 
 | 2016-04-21  | Thu  | +12,210 4,647,183 |  +7,547,922 4,940,251,248 |  $1.9K  -  $30.2K | 
 | 2016-04-22  | Fri  | +12,532 4,659,715 |  +8,580,659 4,948,831,907 |  $2.1K  -  $34.3K | 
 | 2016-04-23  | Sat  | +12,630 4,672,345 |  +9,712,227 4,958,544,134 |  $2.4K  -  $38.8K | 
 | 2016-04-24  | Sun  | +11,438 4,683,783 |  +10,421,257 4,968,965,391 |  $2.6K  -  $41.7K | 
 | 2016-04-25  | Mon  | +7,618 4,691,401 |  +11,429,146 4,980,394,537 |  $2.9K  -  $45.7K | 
 | 2016-04-26  | Tue  | +7,873 4,699,274 |  +10,632,951 4,991,027,488 |  $2.7K  -  $42.5K | 
 | 2016-04-27  | Wed  | +5,529 4,704,803 |  +8,211,854 4,999,239,342 |  $2.1K  -  $32.8K | 
 | 2016-04-28  | Thu  | +4,531 4,709,334 |  +7,457,519 5,006,696,861 |  $1.9K  -  $29.8K | 
 | 2016-04-29  | Fri  | +5,200 4,714,534 |  +6,850,830 5,013,547,691 |  $1.7K  -  $27.4K | 
 | 2016-04-30  | Sat  | +6,856 4,721,390 |  +6,867,476 5,020,415,167 |  $1.7K  -  $27.5K | 
 | 2016-05-01  | Sun  | +5,410 4,726,800 |  +7,525,318 5,027,940,485 |  $1.9K  -  $30.1K | 
 | 2016-05-02  | Mon  | +4,777 4,731,577 |  +8,465,461 5,036,405,946 |  $2.1K  -  $33.9K | 
 | 2016-05-03  | Tue  | +4,988 4,736,565 |  +7,459,649 5,043,865,595 |  $1.9K  -  $29.8K | 
 | 2016-05-04  | Wed  | +4,776 4,741,341 |  +6,707,244 5,050,572,839 |  $1.7K  -  $26.8K | 
 | 2016-05-05  | Thu  | +5,327 4,746,668 |  +6,664,564 5,057,237,403 |  $1.7K  -  $26.7K | 
 | 2016-05-06  | Fri  | +5,532 4,752,200 |  +6,759,799 5,063,997,202 |  $1.7K  -  $27K | 
 | 2016-05-07  | Sat  | +6,849 4,759,049 |  +7,270,102 5,071,267,304 |  $1.8K  -  $29.1K | 
 | 2016-05-08  | Sun  | +5,521 4,764,570 |  +7,878,235 5,079,145,539 |  $2K  -  $31.5K | 
 | 2016-05-09  | Mon  | +3,384 4,767,954 |  +8,938,847 5,088,084,386 |  $2.2K  -  $35.8K | 
 | 2016-05-10  | Tue  | +3,512 4,771,466 |  +7,490,525 5,095,574,911 |  $1.9K  -  $30K | 
 | 2016-05-11  | Wed  | +4,506 4,775,972 |  +5,638,667 5,101,213,578 |  $1.4K  -  $22.6K | 
 | 2016-05-12  | Thu  | +3,724 4,779,696 |  +5,555,313 5,106,768,891 |  $1.4K  -  $22.2K | 
 | 2016-05-13  | Fri  | +5,674 4,785,370 |  +5,974,882 5,112,743,773 |  $1.5K  -  $23.9K | 
 | 2016-05-14  | Sat  | +5,102 4,790,472 |  +5,436,725 5,118,180,498 |  $1.4K  -  $21.7K | 
 | 2016-05-15  | Sun  | +5,521 4,795,993 |  +6,824,993 5,125,005,491 |  $1.7K  -  $27.3K | 