 | 2016-04-17  | Sun  | +12,423 4,375,851 |  +7,691,745 2,493,193,129 |  $1.9K  -  $30.8K | 
 | 2016-04-18  | Mon  | +11,750 4,387,601 |  +7,761,436 2,500,954,565 |  $1.9K  -  $31K | 
 | 2016-04-19  | Tue  | +12,357 4,399,958 |  +7,225,803 2,508,180,368 |  $1.8K  -  $28.9K | 
 | 2016-04-20  | Wed  | +11,953 4,411,911 |  +7,678,780 2,515,859,148 |  $1.9K  -  $30.7K | 
 | 2016-04-21  | Thu  | +11,996 4,423,907 |  +8,483,636 2,524,342,784 |  $2.1K  -  $33.9K | 
 | 2016-04-22  | Fri  | +12,393 4,436,300 |  +8,091,850 2,532,434,634 |  $2K  -  $32.4K | 
 | 2016-04-23  | Sat  | +13,480 4,449,780 |  +7,461,390 2,539,896,024 |  $1.9K  -  $29.8K | 
 | 2016-04-24  | Sun  | +11,543 4,461,323 |  +7,359,280 2,547,255,304 |  $1.8K  -  $29.4K | 
 | 2016-04-25  | Mon  | +10,610 4,471,933 |  +7,833,773 2,555,089,077 |  $2K  -  $31.3K | 
 | 2016-04-26  | Tue  | +10,823 4,482,756 |  +6,927,472 2,562,016,549 |  $1.7K  -  $27.7K | 
 | 2016-04-27  | Wed  | +10,668 4,493,424 |  +6,754,326 2,568,770,875 |  $1.7K  -  $27K | 
 | 2016-04-28  | Thu  | +10,891 4,504,315 |  +7,036,044 2,575,806,919 |  $1.8K  -  $28.1K | 
 | 2016-04-29  | Fri  | +11,697 4,516,012 |  +7,127,197 2,582,934,116 |  $1.8K  -  $28.5K | 
 | 2016-04-30  | Sat  | +12,621 4,528,633 |  +7,088,666 2,590,022,782 |  $1.8K  -  $28.4K | 
 | 2016-05-01  | Sun  | +11,622 4,540,255 |  +7,613,649 2,597,636,431 |  $1.9K  -  $30.5K | 
 | 2016-05-02  | Mon  | +10,079 4,550,334 |  +7,763,026 2,605,399,457 |  $1.9K  -  $31.1K | 
 | 2016-05-03  | Tue  | +10,058 4,560,392 |  +6,654,635 2,612,054,092 |  $1.7K  -  $26.6K | 
 | 2016-05-04  | Wed  | +11,209 4,571,601 |  +6,375,766 2,618,429,858 |  $1.6K  -  $25.5K | 
 | 2016-05-05  | Thu  | +11,906 4,583,507 |  +6,308,058 2,624,737,916 |  $1.6K  -  $25.2K | 
 | 2016-05-06  | Fri  | +13,234 4,596,741 |  +7,133,462 2,631,871,378 |  $1.8K  -  $28.5K | 
 | 2016-05-07  | Sat  | +14,410 4,611,151 |  +7,675,138 2,639,546,516 |  $1.9K  -  $30.7K | 
 | 2016-05-08  | Sun  | +12,612 4,623,763 |  +8,116,430 2,647,662,946 |  $2K  -  $32.5K | 
 | 2016-05-09  | Mon  | +10,950 4,634,713 |  +8,410,658 2,656,073,604 |  $2.1K  -  $33.6K | 
 | 2016-05-10  | Tue  | +11,972 4,646,685 |  +7,266,830 2,663,340,434 |  $1.8K  -  $29.1K | 
 | 2016-05-11  | Wed  | +12,869 4,659,554 |  +7,183,495 2,670,523,929 |  $1.8K  -  $28.7K | 
 | 2016-05-12  | Thu  | +12,981 4,672,535 |  +7,683,301 2,678,207,230 |  $1.9K  -  $30.7K | 
 | 2016-05-13  | Fri  | +13,934 4,686,469 |  +8,019,188 2,686,226,418 |  $2K  -  $32.1K | 
 | 2016-05-14  | Sat  | +15,339 4,701,808 |  +8,128,322 2,694,354,740 |  $2K  -  $32.5K | 
 | 2016-05-15  | Sun  | +13,494 4,715,302 |  +8,365,262 2,702,720,002 |  $2.1K  -  $33.5K | 