 | 2016-04-17  | Sun  | +11,973 18,899,204 |  +8,783,275 8,571,958,225 |  $2.2K  -  $35.1K | 
 | 2016-04-18  | Mon  | +11,955 18,911,159 |  +9,625,294 8,581,583,519 |  $2.4K  -  $38.5K | 
 | 2016-04-19  | Tue  | +12,212 18,923,371 |  +8,500,176 8,590,083,695 |  $2.1K  -  $34K | 
 | 2016-04-20  | Wed  | +10,771 18,934,142 |  +8,564,725 8,598,648,420 |  $2.1K  -  $34.3K | 
 | 2016-04-21  | Thu  | +10,968 18,945,110 |  +8,868,725 8,607,517,145 |  $2.2K  -  $35.5K | 
 | 2016-04-22  | Fri  | +11,474 18,956,584 |  +8,398,884 8,615,916,029 |  $2.1K  -  $33.6K | 
 | 2016-04-23  | Sat  | +11,974 18,968,558 |  +8,343,927 8,624,259,956 |  $2.1K  -  $33.4K | 
 | 2016-04-24  | Sun  | +10,015 18,978,573 |  +8,466,453 8,632,726,409 |  $2.1K  -  $33.9K | 
 | 2016-04-25  | Mon  | +8,673 18,987,246 |  +8,692,433 8,641,418,842 |  $2.2K  -  $34.8K | 
 | 2016-04-26  | Tue  | +8,707 18,995,953 |  +7,774,719 8,649,193,561 |  $1.9K  -  $31.1K | 
 | 2016-04-27  | Wed  | +9,713 19,005,666 |  +7,584,679 8,656,778,240 |  $1.9K  -  $30.3K | 
 | 2016-04-28  | Thu  | +8,842 19,014,508 |  +7,337,437 8,664,115,677 |  $1.8K  -  $29.3K | 
 | 2016-04-29  | Fri  | +10,525 19,025,033 |  +7,629,610 8,671,745,287 |  $1.9K  -  $30.5K | 
 | 2016-04-30  | Sat  | +10,719 19,035,752 |  +7,604,028 8,679,349,315 |  $1.9K  -  $30.4K | 
 | 2016-05-01  | Sun  | +9,949 19,045,701 |  +7,931,499 8,687,280,814 |  $2K  -  $31.7K | 
 | 2016-05-02  | Mon  | +9,107 19,054,808 |  +7,973,362 8,695,254,176 |  $2K  -  $31.9K | 
 | 2016-05-03  | Tue  | +8,887 19,063,695 |  +7,095,247 8,702,349,423 |  $1.8K  -  $28.4K | 
 | 2016-05-04  | Wed  | +9,349 19,073,044 |  +6,938,922 8,709,288,345 |  $1.7K  -  $27.8K | 
 | 2016-05-05  | Thu  | +9,427 19,082,471 |  +6,972,533 8,716,260,878 |  $1.7K  -  $27.9K | 
 | 2016-05-06  | Fri  | +10,320 19,092,791 |  +7,652,684 8,723,913,562 |  $1.9K  -  $30.6K | 
 | 2016-05-07  | Sat  | +11,140 19,103,931 |  +7,964,637 8,731,878,199 |  $2K  -  $31.9K | 
 | 2016-05-08  | Sun  | +9,959 19,113,890 |  +7,997,255 8,739,875,454 |  $2K  -  $32K | 
 | 2016-05-09  | Mon  | +8,345 19,122,235 |  +8,213,782 8,748,089,236 |  $2.1K  -  $32.9K | 
 | 2016-05-10  | Tue  | +8,861 19,131,096 |  +7,212,931 8,755,302,167 |  $1.8K  -  $28.9K | 
 | 2016-05-11  | Wed  | +8,697 19,139,793 |  +6,754,515 8,762,056,682 |  $1.7K  -  $27K | 
 | 2016-05-12  | Thu  | +8,760 19,148,553 |  +7,059,434 8,769,116,116 |  $1.8K  -  $28.2K | 
 | 2016-05-13  | Fri  | +9,663 19,158,216 |  +7,470,797 8,776,586,913 |  $1.9K  -  $29.9K | 
 | 2016-05-14  | Sat  | +10,748 19,168,964 |  +7,228,611 8,783,815,524 |  $1.8K  -  $28.9K | 
 | 2016-05-15  | Sun  | +9,614 19,178,578 |  +7,575,562 8,791,391,086 |  $1.9K  -  $30.3K | 