 | 2016-04-17  | Sun  | +14,820 10,324,874 |  +11,075,174 6,540,459,994 |  $2.8K  -  $44.3K | 
 | 2016-04-18  | Mon  | +12,694 10,337,568 |  +14,124,868 6,554,584,862 |  $3.5K  -  $56.5K | 
 | 2016-04-19  | Tue  | +12,033 10,349,601 |  +12,975,428 6,567,560,290 |  $3.2K  -  $51.9K | 
 | 2016-04-20  | Wed  | +9,964 10,359,565 |  +9,105,675 6,576,665,965 |  $2.3K  -  $36.4K | 
 | 2016-04-21  | Thu  | +8,696 10,368,261 |  +8,905,795 6,585,571,760 |  $2.2K  -  $35.6K | 
 | 2016-04-22  | Fri  | +10,321 10,378,582 |  +9,072,405 6,594,644,165 |  $2.3K  -  $36.3K | 
 | 2016-04-23  | Sat  | +14,642 10,393,224 |  +9,049,129 6,603,693,294 |  $2.3K  -  $36.2K | 
 | 2016-04-24  | Sun  | +13,512 10,406,736 |  +9,674,656 6,613,367,950 |  $2.4K  -  $38.7K | 
 | 2016-04-25  | Mon  | +9,512 10,416,248 |  +12,600,426 6,625,968,376 |  $3.2K  -  $50.4K | 
 | 2016-04-26  | Tue  | +9,233 10,425,481 |  +12,277,259 6,638,245,635 |  $3.1K  -  $49.1K | 
 | 2016-04-27  | Wed  | +10,444 10,435,925 |  +9,189,849 6,647,435,484 |  $2.3K  -  $36.8K | 
 | 2016-04-28  | Thu  | +7,625 10,443,550 |  +9,144,475 6,656,579,959 |  $2.3K  -  $36.6K | 
 | 2016-04-29  | Fri  | +11,549 10,455,099 |  +9,479,318 6,666,059,277 |  $2.4K  -  $37.9K | 
 | 2016-04-30  | Sat  | +19,479 10,474,578 |  +8,837,049 6,674,896,326 |  $2.2K  -  $35.3K | 
 | 2016-05-01  | Sun  | +19,621 10,494,199 |  +11,681,399 6,686,577,725 |  $2.9K  -  $46.7K | 
 | 2016-05-02  | Mon  | +13,399 10,507,598 |  +15,059,758 6,701,637,483 |  $3.8K  -  $60.2K | 
 | 2016-05-03  | Tue  | +12,197 10,519,795 |  +13,805,644 6,715,443,127 |  $3.5K  -  $55.2K | 
 | 2016-05-04  | Wed  | +12,207 10,532,002 |  +10,748,497 6,726,191,624 |  $2.7K  -  $43K | 
 | 2016-05-05  | Thu  | +12,507 10,544,509 |  +10,105,745 6,736,297,369 |  $2.5K  -  $40.4K | 
 | 2016-05-06  | Fri  | +13,744 10,558,253 |  +10,538,710 6,746,836,079 |  $2.6K  -  $42.2K | 
 | 2016-05-07  | Sat  | +17,276 10,575,529 |  +10,414,525 6,757,250,604 |  $2.6K  -  $41.7K | 
 | 2016-05-08  | Sun  | +16,204 10,591,733 |  +11,971,998 6,769,222,602 |  $3K  -  $47.9K | 
 | 2016-05-09  | Mon  | +11,657 10,603,390 |  +14,284,113 6,783,506,715 |  $3.6K  -  $57.1K | 
 | 2016-05-10  | Tue  | +13,855 10,617,245 |  +12,195,476 6,795,702,191 |  $3K  -  $48.8K | 
 | 2016-05-11  | Wed  | +14,948 10,632,193 |  +8,702,315 6,804,404,506 |  $2.2K  -  $34.8K | 
 | 2016-05-12  | Thu  | +13,910 10,646,103 |  +9,306,668 6,813,711,174 |  $2.3K  -  $37.2K | 
 | 2016-05-13  | Fri  | +13,620 10,659,723 |  -- 6,813,711,174 |  $0  -  $0 | 
 | 2016-05-14  | Sat  | +19,592 10,679,315 |  +19,361,050 6,833,072,224 |  $4.8K  -  $77.4K | 
 | 2016-05-15  | Sun  | +20,470 10,699,785 |  +11,116,059 6,844,188,283 |  $2.8K  -  $44.5K | 