 | 2016-04-17  | Sun  | +12,320 15,723,902 |  +11,506,676 7,132,552,588 |  $2.9K  -  $46K | 
 | 2016-04-18  | Mon  | +9,186 15,733,088 |  +11,248,983 7,143,801,571 |  $2.8K  -  $45K | 
 | 2016-04-19  | Tue  | +11,403 15,744,491 |  +9,308,213 7,153,109,784 |  $2.3K  -  $37.2K | 
 | 2016-04-20  | Wed  | +10,988 15,755,479 |  +9,654,487 7,162,764,271 |  $2.4K  -  $38.6K | 
 | 2016-04-21  | Thu  | +8,338 15,763,817 |  +9,630,406 7,172,394,677 |  $2.4K  -  $38.5K | 
 | 2016-04-22  | Fri  | +11,680 15,775,497 |  +9,880,218 7,182,274,895 |  $2.5K  -  $39.5K | 
 | 2016-04-23  | Sat  | +13,304 15,788,801 |  +9,897,447 7,192,172,342 |  $2.5K  -  $39.6K | 
 | 2016-04-24  | Sun  | +10,981 15,799,782 |  +9,092,633 7,201,264,975 |  $2.3K  -  $36.4K | 
 | 2016-04-25  | Mon  | +9,680 15,809,462 |  +7,049,450 7,208,314,425 |  $1.8K  -  $28.2K | 
 | 2016-04-26  | Tue  | +9,918 15,819,380 |  +10,203,115 7,218,517,540 |  $2.6K  -  $40.8K | 
 | 2016-04-27  | Wed  | +9,930 15,829,310 |  +1,836,677 7,220,354,217 |  $459  -  $7.3K | 
 | 2016-04-28  | Thu  | +8,706 15,838,016 |  +8,987,326 7,229,341,543 |  $2.2K  -  $35.9K | 
 | 2016-04-29  | Fri  | +12,292 15,850,308 |  +7,451,067 7,236,792,610 |  $1.9K  -  $29.8K | 
 | 2016-04-30  | Sat  | +14,673 15,864,981 |  +6,372,382 7,243,164,992 |  $1.6K  -  $25.5K | 
 | 2016-05-01  | Sun  | +16,377 15,881,358 |  +7,120,945 7,250,285,937 |  $1.8K  -  $28.5K | 
 | 2016-05-02  | Mon  | +13,019 15,894,377 |  +7,359,991 7,257,645,928 |  $1.8K  -  $29.4K | 
 | 2016-05-03  | Tue  | +11,365 15,905,742 |  +3,677,915 7,261,323,843 |  $919  -  $14.7K | 
 | 2016-05-04  | Wed  | +12,492 15,918,234 |  +7,012,584 7,268,336,427 |  $1.8K  -  $28.1K | 
 | 2016-05-05  | Thu  | +13,175 15,931,409 |  +10,244,560 7,278,580,987 |  $2.6K  -  $41K | 
 | 2016-05-06  | Fri  | +18,175 15,949,584 |  +11,251,921 7,289,832,908 |  $2.8K  -  $45K | 
 | 2016-05-07  | Sat  | +20,598 15,970,182 |  +11,558,078 7,301,390,986 |  $2.9K  -  $46.2K | 
 | 2016-05-08  | Sun  | +19,806 15,989,988 |  +14,037,223 7,315,428,209 |  $3.5K  -  $56.1K | 
 | 2016-05-09  | Mon  | +13,774 16,003,762 |  +12,527,793 7,327,956,002 |  $3.1K  -  $50.1K | 
 | 2016-05-10  | Tue  | +15,228 16,018,990 |  +11,034,351 7,338,990,353 |  $2.8K  -  $44.1K | 
 | 2016-05-11  | Wed  | +14,340 16,033,330 |  +9,049,258 7,348,039,611 |  $2.3K  -  $36.2K | 
 | 2016-05-12  | Thu  | +12,913 16,046,243 |  +10,817,849 7,358,857,460 |  $2.7K  -  $43.3K | 
 | 2016-05-13  | Fri  | +14,497 16,060,740 |  +10,298,555 7,369,156,015 |  $2.6K  -  $41.2K | 
 | 2016-05-14  | Sat  | +17,459 16,078,199 |  +8,840,463 7,377,996,478 |  $2.2K  -  $35.4K | 
 | 2016-05-15  | Sun  | +19,296 16,097,495 |  +11,175,340 7,389,171,818 |  $2.8K  -  $44.7K | 