 | 2016-04-17  | Sun  | +11,619 10,126,287 |  +20,113,534 7,900,024,378 |  $5K  -  $80.5K | 
 | 2016-04-18  | Mon  | +11,673 10,137,960 |  +19,343,551 7,919,367,929 |  $4.8K  -  $77.4K | 
 | 2016-04-19  | Tue  | +12,523 10,150,483 |  +17,574,554 7,936,942,483 |  $4.4K  -  $70.3K | 
 | 2016-04-20  | Wed  | +11,585 10,162,068 |  +19,177,877 7,956,120,360 |  $4.8K  -  $76.7K | 
 | 2016-04-21  | Thu  | +11,444 10,173,512 |  +19,429,283 7,975,549,643 |  $4.9K  -  $77.7K | 
 | 2016-04-22  | Fri  | +11,892 10,185,404 |  +19,051,733 7,994,601,376 |  $4.8K  -  $76.2K | 
 | 2016-04-23  | Sat  | +12,399 10,197,803 |  +20,174,020 8,014,775,396 |  $5K  -  $80.7K | 
 | 2016-04-24  | Sun  | +12,474 10,210,277 |  +20,120,887 8,034,896,283 |  $5K  -  $80.5K | 
 | 2016-04-25  | Mon  | +12,230 10,222,507 |  +20,199,797 8,055,096,080 |  $5K  -  $80.8K | 
 | 2016-04-26  | Tue  | +11,239 10,233,746 |  +18,807,975 8,073,904,055 |  $4.7K  -  $75.2K | 
 | 2016-04-27  | Wed  | +11,382 10,245,128 |  +18,418,710 8,092,322,765 |  $4.6K  -  $73.7K | 
 | 2016-04-28  | Thu  | +10,619 10,255,747 |  +18,167,567 8,110,490,332 |  $4.5K  -  $72.7K | 
 | 2016-04-29  | Fri  | +11,637 10,267,384 |  +18,989,379 8,129,479,711 |  $4.7K  -  $76K | 
 | 2016-04-30  | Sat  | +11,942 10,279,326 |  +18,686,199 8,148,165,910 |  $4.7K  -  $74.7K | 
 | 2016-05-01  | Sun  | +12,141 10,291,467 |  +18,471,701 8,166,637,611 |  $4.6K  -  $73.9K | 
 | 2016-05-02  | Mon  | +11,564 10,303,031 |  +18,954,811 8,185,592,422 |  $4.7K  -  $75.8K | 
 | 2016-05-03  | Tue  | +10,713 10,313,744 |  +17,211,878 8,202,804,300 |  $4.3K  -  $68.8K | 
 | 2016-05-04  | Wed  | +10,822 10,324,566 |  +17,143,636 8,219,947,936 |  $4.3K  -  $68.6K | 
 | 2016-05-05  | Thu  | +11,999 10,336,565 |  +16,732,097 8,236,680,033 |  $4.2K  -  $66.9K | 
 | 2016-05-06  | Fri  | +12,631 10,349,196 |  +18,511,628 8,255,191,661 |  $4.6K  -  $74K | 
 | 2016-05-07  | Sat  | +11,630 10,360,826 |  +19,915,968 8,275,107,629 |  $5K  -  $79.7K | 
 | 2016-05-08  | Sun  | +12,300 10,373,126 |  +21,758,508 8,296,866,137 |  $5.4K  -  $87K | 
 | 2016-05-09  | Mon  | +10,977 10,384,103 |  +20,087,848 8,316,953,985 |  $5K  -  $80.4K | 
 | 2016-05-10  | Tue  | +10,890 10,394,993 |  +17,717,757 8,334,671,742 |  $4.4K  -  $70.9K | 
 | 2016-05-11  | Wed  | +12,674 10,407,667 |  +17,315,921 8,351,987,663 |  $4.3K  -  $69.3K | 
 | 2016-05-12  | Thu  | +13,079 10,420,746 |  +18,033,401 8,370,021,064 |  $4.5K  -  $72.1K | 
 | 2016-05-13  | Fri  | +12,573 10,433,319 |  +20,074,228 8,390,095,292 |  $5K  -  $80.3K | 
 | 2016-05-14  | Sat  | +13,212 10,446,531 |  -- 8,390,095,292 |  $0  -  $0 | 
 | 2016-05-15  | Sun  | +11,779 10,458,310 |  +39,913,623 8,430,008,915 |  $10K  -  $159.7K | 