 | 2016-04-17  | Sun  | +7,329 16,786,389 |  +6,704,579 4,575,025,110 |  $1.7K  -  $26.8K | 
 | 2016-04-18  | Mon  | +8,878 16,795,267 |  +6,708,325 4,581,733,435 |  $1.7K  -  $26.8K | 
 | 2016-04-19  | Tue  | +10,219 16,805,486 |  +7,716,685 4,589,450,120 |  $1.9K  -  $30.9K | 
 | 2016-04-20  | Wed  | +6,917 16,812,403 |  +6,085,744 4,595,535,864 |  $1.5K  -  $24.3K | 
 | 2016-04-21  | Thu  | +8,792 16,821,195 |  +6,571,659 4,602,107,523 |  $1.6K  -  $26.3K | 
 | 2016-04-22  | Fri  | +10,370 16,831,565 |  +7,051,685 4,609,159,208 |  $1.8K  -  $28.2K | 
 | 2016-04-23  | Sat  | +15,867 16,847,432 |  +6,962,899 4,616,122,107 |  $1.7K  -  $27.9K | 
 | 2016-04-24  | Sun  | +17,107 16,864,539 |  +8,215,609 4,624,337,716 |  $2.1K  -  $32.9K | 
 | 2016-04-25  | Mon  | +10,819 16,875,358 |  +9,263,942 4,633,601,658 |  $2.3K  -  $37.1K | 
 | 2016-04-26  | Tue  | +12,710 16,888,068 |  +11,623,113 4,645,224,771 |  $2.9K  -  $46.5K | 
 | 2016-04-27  | Wed  | +13,173 16,901,241 |  +10,469,870 4,655,694,641 |  $2.6K  -  $41.9K | 
 | 2016-04-28  | Thu  | +8,291 16,909,532 |  +7,734,560 4,663,429,201 |  $1.9K  -  $30.9K | 
 | 2016-04-29  | Fri  | +12,353 16,921,885 |  +8,857,387 4,672,286,588 |  $2.2K  -  $35.4K | 
 | 2016-04-30  | Sat  | +18,438 16,940,323 |  +7,642,498 4,679,929,086 |  $1.9K  -  $30.6K | 
 | 2016-05-01  | Sun  | +18,777 16,959,100 |  +8,696,506 4,688,625,592 |  $2.2K  -  $34.8K | 
 | 2016-05-02  | Mon  | +14,118 16,973,218 |  +10,161,170 4,698,786,762 |  $2.5K  -  $40.6K | 
 | 2016-05-03  | Tue  | +13,692 16,986,910 |  +7,686,965 4,706,473,727 |  $1.9K  -  $30.7K | 
 | 2016-05-04  | Wed  | +11,608 16,998,518 |  +7,258,785 4,713,732,512 |  $1.8K  -  $29K | 
 | 2016-05-05  | Thu  | +12,622 17,011,140 |  +7,674,108 4,721,406,620 |  $1.9K  -  $30.7K | 
 | 2016-05-06  | Fri  | +11,030 17,022,170 |  +7,710,866 4,729,117,486 |  $1.9K  -  $30.8K | 
 | 2016-05-07  | Sat  | +16,466 17,038,636 |  +6,714,296 4,735,831,782 |  $1.7K  -  $26.9K | 
 | 2016-05-08  | Sun  | +16,955 17,055,591 |  +7,576,131 4,743,407,913 |  $1.9K  -  $30.3K | 
 | 2016-05-09  | Mon  | +14,226 17,069,817 |  +10,591,161 4,753,999,074 |  $2.6K  -  $42.4K | 
 | 2016-05-10  | Tue  | +10,843 17,080,660 |  +11,423,709 4,765,422,783 |  $2.9K  -  $45.7K | 
 | 2016-05-11  | Wed  | +10,879 17,091,539 |  +7,679,357 4,773,102,140 |  $1.9K  -  $30.7K | 
 | 2016-05-12  | Thu  | +11,816 17,103,355 |  +5,263,277 4,778,365,417 |  $1.3K  -  $21.1K | 
 | 2016-05-13  | Fri  | +10,894 17,114,249 |  +6,967,153 4,785,332,570 |  $1.7K  -  $27.9K | 
 | 2016-05-14  | Sat  | +14,505 17,128,754 |  +6,257,566 4,791,590,136 |  $1.6K  -  $25K | 
 | 2016-05-15  | Sun  | +14,509 17,143,263 |  +7,232,307 4,798,822,443 |  $1.8K  -  $28.9K | 