 | 2016-04-17  | Sun  | +7,564 1,363,796 |  +6,268,758 1,398,135,269 |  $1.6K  -  $25.1K | 
 | 2016-04-18  | Mon  | +7,250 1,371,046 |  +7,093,115 1,405,228,384 |  $1.8K  -  $28.4K | 
 | 2016-04-19  | Tue  | +7,936 1,378,982 |  +5,795,788 1,411,024,172 |  $1.4K  -  $23.2K | 
 | 2016-04-20  | Wed  | +14,264 1,393,246 |  +5,652,037 1,416,676,209 |  $1.4K  -  $22.6K | 
 | 2016-04-21  | Thu  | +10,841 1,404,087 |  +6,625,465 1,423,301,674 |  $1.7K  -  $26.5K | 
 | 2016-04-22  | Fri  | +11,536 1,415,623 |  +9,361,011 1,432,662,685 |  $2.3K  -  $37.4K | 
 | 2016-04-23  | Sat  | +10,827 1,426,450 |  +8,250,400 1,440,913,085 |  $2.1K  -  $33K | 
 | 2016-04-24  | Sun  | +11,158 1,437,608 |  +8,702,891 1,449,615,976 |  $2.2K  -  $34.8K | 
 | 2016-04-25  | Mon  | +8,594 1,446,202 |  +8,012,148 1,457,628,124 |  $2K  -  $32K | 
 | 2016-04-26  | Tue  | +7,913 1,454,115 |  +8,428,660 1,466,056,784 |  $2.1K  -  $33.7K | 
 | 2016-04-27  | Wed  | +10,633 1,464,748 |  +6,811,542 1,472,868,326 |  $1.7K  -  $27.2K | 
 | 2016-04-28  | Thu  | +9,947 1,474,695 |  +6,068,600 1,478,936,926 |  $1.5K  -  $24.3K | 
 | 2016-04-29  | Fri  | +7,740 1,482,435 |  +8,221,639 1,487,158,565 |  $2.1K  -  $32.9K | 
 | 2016-04-30  | Sat  | +7,162 1,489,597 |  +6,956,367 1,494,114,932 |  $1.7K  -  $27.8K | 
 | 2016-05-01  | Sun  | +8,617 1,498,214 |  +6,030,009 1,500,144,941 |  $1.5K  -  $24.1K | 
 | 2016-05-02  | Mon  | +6,696 1,504,910 |  +5,671,191 1,505,816,132 |  $1.4K  -  $22.7K | 
 | 2016-05-03  | Tue  | +6,535 1,511,445 |  +6,092,922 1,511,909,054 |  $1.5K  -  $24.4K | 
 | 2016-05-04  | Wed  | +6,942 1,518,387 |  +5,448,245 1,517,357,299 |  $1.4K  -  $21.8K | 
 | 2016-05-05  | Thu  | +7,405 1,525,792 |  +5,545,922 1,522,903,221 |  $1.4K  -  $22.2K | 
 | 2016-05-06  | Fri  | +7,471 1,533,263 |  +5,730,305 1,528,633,526 |  $1.4K  -  $22.9K | 
 | 2016-05-07  | Sat  | +8,542 1,541,805 |  +5,918,811 1,534,552,337 |  $1.5K  -  $23.7K | 
 | 2016-05-08  | Sun  | +8,323 1,550,128 |  +6,062,165 1,540,614,502 |  $1.5K  -  $24.2K | 
 | 2016-05-09  | Mon  | +6,812 1,556,940 |  +6,351,916 1,546,966,418 |  $1.6K  -  $25.4K | 
 | 2016-05-10  | Tue  | +6,661 1,563,601 |  +5,900,047 1,552,866,465 |  $1.5K  -  $23.6K | 
 | 2016-05-11  | Wed  | +9,975 1,573,576 |  +5,360,015 1,558,226,480 |  $1.3K  -  $21.4K | 
 | 2016-05-12  | Thu  | +8,608 1,582,184 |  +5,573,333 1,563,799,813 |  $1.4K  -  $22.3K | 
 | 2016-05-13  | Fri  | +8,678 1,590,862 |  +6,412,549 1,570,212,362 |  $1.6K  -  $25.7K | 
 | 2016-05-14  | Sat  | +11,039 1,601,901 |  +5,503,059 1,575,715,421 |  $1.4K  -  $22K | 
 | 2016-05-15  | Sun  | +9,664 1,611,565 |  +6,286,367 1,582,001,788 |  $1.6K  -  $25.1K | 