 | 2016-04-17  | Sun  | +10,238 11,554,462 |  +7,930,239 5,681,925,667 |  $2K  -  $31.7K | 
 | 2016-04-18  | Mon  | +10,894 11,565,356 |  +9,098,547 5,691,024,214 |  $2.3K  -  $36.4K | 
 | 2016-04-19  | Tue  | +12,128 11,577,484 |  +9,532,382 5,700,556,596 |  $2.4K  -  $38.1K | 
 | 2016-04-20  | Wed  | +10,140 11,587,624 |  +7,785,922 5,708,342,518 |  $1.9K  -  $31.1K | 
 | 2016-04-21  | Thu  | +10,571 11,598,195 |  +8,133,987 5,716,476,505 |  $2K  -  $32.5K | 
 | 2016-04-22  | Fri  | +10,917 11,609,112 |  +7,825,330 5,724,301,835 |  $2K  -  $31.3K | 
 | 2016-04-23  | Sat  | +12,417 11,621,529 |  +8,313,395 5,732,615,230 |  $2.1K  -  $33.3K | 
 | 2016-04-24  | Sun  | +11,104 11,632,633 |  +8,401,752 5,741,016,982 |  $2.1K  -  $33.6K | 
 | 2016-04-25  | Mon  | +9,075 11,641,708 |  +9,393,299 5,750,410,281 |  $2.3K  -  $37.6K | 
 | 2016-04-26  | Tue  | +10,857 11,652,565 |  +9,271,468 5,759,681,749 |  $2.3K  -  $37.1K | 
 | 2016-04-27  | Wed  | +11,391 11,663,956 |  +7,832,472 5,767,514,221 |  $2K  -  $31.3K | 
 | 2016-04-28  | Thu  | +9,204 11,673,160 |  +8,330,466 5,775,844,687 |  $2.1K  -  $33.3K | 
 | 2016-04-29  | Fri  | +9,378 11,682,538 |  +7,714,868 5,783,559,555 |  $1.9K  -  $30.9K | 
 | 2016-04-30  | Sat  | +12,832 11,695,370 |  +7,783,192 5,791,342,747 |  $1.9K  -  $31.1K | 
 | 2016-05-01  | Sun  | +11,752 11,707,122 |  +7,789,630 5,799,132,377 |  $1.9K  -  $31.2K | 
 | 2016-05-02  | Mon  | +11,103 11,718,225 |  +9,177,968 5,808,310,345 |  $2.3K  -  $36.7K | 
 | 2016-05-03  | Tue  | +10,414 11,728,639 |  +9,535,534 5,817,845,879 |  $2.4K  -  $38.1K | 
 | 2016-05-04  | Wed  | +9,302 11,737,941 |  +8,118,824 5,825,964,703 |  $2K  -  $32.5K | 
 | 2016-05-05  | Thu  | +11,946 11,749,887 |  +7,544,194 5,833,508,897 |  $1.9K  -  $30.2K | 
 | 2016-05-06  | Fri  | +11,726 11,761,613 |  +7,362,078 5,840,870,975 |  $1.8K  -  $29.4K | 
 | 2016-05-07  | Sat  | +11,591 11,773,204 |  +7,790,940 5,848,661,915 |  $1.9K  -  $31.2K | 
 | 2016-05-08  | Sun  | +14,768 11,787,972 |  +7,825,412 5,856,487,327 |  $2K  -  $31.3K | 
 | 2016-05-09  | Mon  | +12,689 11,800,661 |  +8,457,048 5,864,944,375 |  $2.1K  -  $33.8K | 
 | 2016-05-10  | Tue  | +15,412 11,816,073 |  +10,256,699 5,875,201,074 |  $2.6K  -  $41K | 
 | 2016-05-11  | Wed  | +10,673 11,826,746 |  +8,795,091 5,883,996,165 |  $2.2K  -  $35.2K | 
 | 2016-05-12  | Thu  | +14,096 11,840,842 |  +6,880,493 5,890,876,658 |  $1.7K  -  $27.5K | 
 | 2016-05-13  | Fri  | +10,849 11,851,691 |  +18,268,497 5,909,145,155 |  $4.6K  -  $73.1K | 
 | 2016-05-14  | Sat  | +12,660 11,864,351 |  +8,769,406 5,917,914,561 |  $2.2K  -  $35.1K | 
 | 2016-05-15  | Sun  | +13,117 11,877,468 |  +8,082,637 5,925,997,198 |  $2K  -  $32.3K | 