 | 2016-04-17  | Sun  | +15,073 10,913,226 |  +18,163,449 8,696,191,428 |  $4.5K  -  $72.7K | 
 | 2016-04-18  | Mon  | +12,292 10,925,518 |  +17,567,719 8,713,759,147 |  $4.4K  -  $70.3K | 
 | 2016-04-19  | Tue  | +12,512 10,938,030 |  +14,922,036 8,728,681,183 |  $3.7K  -  $59.7K | 
 | 2016-04-20  | Wed  | +11,630 10,949,660 |  +16,914,776 8,745,595,959 |  $4.2K  -  $67.7K | 
 | 2016-04-21  | Thu  | +12,168 10,961,828 |  +18,968,437 8,764,564,396 |  $4.7K  -  $75.9K | 
 | 2016-04-22  | Fri  | +13,069 10,974,897 |  +14,826,897 8,779,391,293 |  $3.7K  -  $59.3K | 
 | 2016-04-23  | Sat  | +17,505 10,992,402 |  +17,534,440 8,796,925,733 |  $4.4K  -  $70.1K | 
 | 2016-04-24  | Sun  | +15,850 11,008,252 |  +18,230,488 8,815,156,221 |  $4.6K  -  $72.9K | 
 | 2016-04-25  | Mon  | +12,921 11,021,173 |  +17,583,815 8,832,740,036 |  $4.4K  -  $70.3K | 
 | 2016-04-26  | Tue  | +11,626 11,032,799 |  +15,167,474 8,847,907,510 |  $3.8K  -  $60.7K | 
 | 2016-04-27  | Wed  | +11,368 11,044,167 |  +15,800,705 8,863,708,215 |  $4K  -  $63.2K | 
 | 2016-04-28  | Thu  | +10,622 11,054,789 |  +17,779,269 8,881,487,484 |  $4.4K  -  $71.1K | 
 | 2016-04-29  | Fri  | +13,964 11,068,753 |  +13,959,473 8,895,446,957 |  $3.5K  -  $55.8K | 
 | 2016-04-30  | Sat  | +15,647 11,084,400 |  +15,075,531 8,910,522,488 |  $3.8K  -  $60.3K | 
 | 2016-05-01  | Sun  | +16,324 11,100,724 |  +16,878,883 8,927,401,371 |  $4.2K  -  $67.5K | 
 | 2016-05-02  | Mon  | +10,817 11,111,541 |  +16,329,131 8,943,730,502 |  $4.1K  -  $65.3K | 
 | 2016-05-03  | Tue  | +13,112 11,124,653 |  +17,663,918 8,961,394,420 |  $4.4K  -  $70.7K | 
 | 2016-05-04  | Wed  | +12,866 11,137,519 |  +19,530,135 8,980,924,555 |  $4.9K  -  $78.1K | 
 | 2016-05-05  | Thu  | +10,483 11,148,002 |  +18,822,534 8,999,747,089 |  $4.7K  -  $75.3K | 
 | 2016-05-06  | Fri  | +12,849 11,160,851 |  +14,937,396 9,014,684,485 |  $3.7K  -  $59.7K | 
 | 2016-05-07  | Sat  | +15,256 11,176,107 |  +16,468,514 9,031,152,999 |  $4.1K  -  $65.9K | 
 | 2016-05-08  | Sun  | +13,136 11,189,243 |  +17,194,246 9,048,347,245 |  $4.3K  -  $68.8K | 
 | 2016-05-09  | Mon  | +11,567 11,200,810 |  +16,658,317 9,065,005,562 |  $4.2K  -  $66.6K | 
 | 2016-05-10  | Tue  | +10,161 11,210,971 |  +13,809,771 9,078,815,333 |  $3.5K  -  $55.2K | 
 | 2016-05-11  | Wed  | +11,798 11,222,769 |  +14,855,584 9,093,670,917 |  $3.7K  -  $59.4K | 
 | 2016-05-12  | Thu  | +9,943 11,232,712 |  +18,921,261 9,112,592,178 |  $4.7K  -  $75.7K | 
 | 2016-05-13  | Fri  | +11,054 11,243,766 |  +15,388,044 9,127,980,222 |  $3.8K  -  $61.6K | 
 | 2016-05-14  | Sat  | +15,088 11,258,854 |  +15,373,252 9,143,353,474 |  $3.8K  -  $61.5K | 
 | 2016-05-15  | Sun  | +13,159 11,272,013 |  +16,062,166 9,159,415,640 |  $4K  -  $64.2K | 