 | 2016-04-17  | Sun  | +3,942 3,662,011 |  -- 4,320,416,426 |  $0  -  $0 | 
 | 2016-04-18  | Mon  | +3,907 3,665,918 |  +16,658,808 4,337,075,234 |  $4.2K  -  $66.6K | 
 | 2016-04-19  | Tue  | +4,195 3,670,113 |  +7,151,307 4,344,226,541 |  $1.8K  -  $28.6K | 
 | 2016-04-20  | Wed  | +4,156 3,674,269 |  +7,345,208 4,351,571,749 |  $1.8K  -  $29.4K | 
 | 2016-04-21  | Thu  | +4,403 3,678,672 |  +7,673,208 4,359,244,957 |  $1.9K  -  $30.7K | 
 | 2016-04-22  | Fri  | +4,102 3,682,774 |  +7,785,518 4,367,030,475 |  $1.9K  -  $31.1K | 
 | 2016-04-23  | Sat  | +4,170 3,686,944 |  +7,883,368 4,374,913,843 |  $2K  -  $31.5K | 
 | 2016-04-24  | Sun  | +3,963 3,690,907 |  +7,863,394 4,382,777,237 |  $2K  -  $31.5K | 
 | 2016-04-25  | Mon  | +4,034 3,694,941 |  +7,824,238 4,390,601,475 |  $2K  -  $31.3K | 
 | 2016-04-26  | Tue  | +4,031 3,698,972 |  +7,276,390 4,397,877,865 |  $1.8K  -  $29.1K | 
 | 2016-04-27  | Wed  | +3,877 3,702,849 |  +7,232,925 4,405,110,790 |  $1.8K  -  $28.9K | 
 | 2016-04-28  | Thu  | +3,520 3,706,369 |  +7,472,559 4,412,583,349 |  $1.9K  -  $29.9K | 
 | 2016-04-29  | Fri  | +4,092 3,710,461 |  +7,441,687 4,420,025,036 |  $1.9K  -  $29.8K | 
 | 2016-04-30  | Sat  | +4,747 3,715,208 |  +7,596,462 4,427,621,498 |  $1.9K  -  $30.4K | 
 | 2016-05-01  | Sun  | +4,491 3,719,699 |  +8,034,700 4,435,656,198 |  $2K  -  $32.1K | 
 | 2016-05-02  | Mon  | +4,389 3,724,088 |  +8,177,257 4,443,833,455 |  $2K  -  $32.7K | 
 | 2016-05-03  | Tue  | +4,889 3,728,977 |  +7,397,885 4,451,231,340 |  $1.8K  -  $29.6K | 
 | 2016-05-04  | Wed  | +4,439 3,733,416 |  +7,891,716 4,459,123,056 |  $2K  -  $31.6K | 
 | 2016-05-05  | Thu  | +4,419 3,737,835 |  +8,118,413 4,467,241,469 |  $2K  -  $32.5K | 
 | 2016-05-06  | Fri  | +4,832 3,742,667 |  +7,986,923 4,475,228,392 |  $2K  -  $31.9K | 
 | 2016-05-07  | Sat  | +4,608 3,747,275 |  +8,275,142 4,483,503,534 |  $2.1K  -  $33.1K | 
 | 2016-05-08  | Sun  | +4,022 3,751,297 |  +8,539,092 4,492,042,626 |  $2.1K  -  $34.2K | 
 | 2016-05-09  | Mon  | +3,864 3,755,161 |  +8,460,468 4,500,503,094 |  $2.1K  -  $33.8K | 
 | 2016-05-10  | Tue  | +4,223 3,759,384 |  +7,089,445 4,507,592,539 |  $1.8K  -  $28.4K | 
 | 2016-05-11  | Wed  | +4,506 3,763,890 |  +7,276,286 4,514,868,825 |  $1.8K  -  $29.1K | 
 | 2016-05-12  | Thu  | +4,552 3,768,442 |  +8,033,663 4,522,902,488 |  $2K  -  $32.1K | 
 | 2016-05-13  | Fri  | +4,446 3,772,888 |  +8,056,176 4,530,958,664 |  $2K  -  $32.2K | 
 | 2016-05-14  | Sat  | +4,561 3,777,449 |  +7,769,028 4,538,727,692 |  $1.9K  -  $31.1K | 
 | 2016-05-15  | Sun  | +3,884 3,781,333 |  +8,178,716 4,546,906,408 |  $2K  -  $32.7K | 